osu file format v14

[General]
AudioFilename: audio.mp3
AudioLeadIn: 0
PreviewTime: 140845
Countdown: 0
SampleSet: Soft
StackLeniency: 0.4
Mode: 0
LetterboxInBreaks: 0
WidescreenStoryboard: 0

[Editor]
DistanceSpacing: 0.7
BeatDivisor: 4
GridSize: 32
TimelineZoom: 3.199999

[Metadata]
SoundId:rbxassetid://13315570099
Title:GHOUL
TitleUnicode:GHOUL
Artist:Camellia
ArtistUnicode:Camellia
Creator:wakaba
Version:FATAL
Source:
Tags:u.u.f.o camellia 2021
BeatmapID:3108533
BeatmapSetID:1518584

[Difficulty]
HPDrainRate:5
CircleSize:4.1
OverallDifficulty:9.3
ApproachRate:9.8
SliderMultiplier:2
SliderTickRate:1

[Events]
//Background and Video events
0,0,"amir-zand-x-blue-gate.jpg",0,0
//Break Periods
2,109750,117419
//Storyboard Layer 0 (Background)
//Storyboard Layer 1 (Fail)
//Storyboard Layer 2 (Pass)
//Storyboard Layer 3 (Foreground)
//Storyboard Layer 4 (Overlay)
//Storyboard Sound Samples

[TimingPoints]
1029,260.869565217391,4,2,0,75,1,0
20855,-181.818181818181,4,2,0,75,0,0
20985,-133.333333333333,4,2,0,75,0,0
21246,-181.818181818182,4,2,0,75,0,0
21376,-133.333333333333,4,2,0,75,0,0
21898,-111.111111111111,4,2,0,75,0,0
30246,-83.3333333333333,4,2,0,75,0,0
30507,-111.111111111111,4,2,0,75,0,0
38594,-90.9090909090909,4,2,0,75,0,0
54246,-133.333333333333,4,2,0,75,0,0
54768,-200,4,2,0,75,0,0
55028,-50,4,2,0,75,0,0
55289,-66.6666666666667,4,2,0,75,0,0
58420,-133.333333333333,4,2,0,75,0,0
58550,-54.054054054054,4,2,0,75,0,0
58811,-64.5161290322581,4,2,0,75,0,0
59072,-80,4,2,0,75,0,0
59463,-50,4,2,0,75,0,0
59985,-66.6666666666667,4,2,0,75,0,0
61550,-33.3333333333333,4,2,0,75,0,0
61681,-66.6666666666667,4,2,0,75,0,0
62333,-40,4,2,0,75,0,0
62463,-66.6666666666667,4,2,0,75,0,0
63115,-44.4444444444445,4,2,0,75,0,0
63637,-57.1428571428571,4,2,0,75,0,0
64420,-66.6666666666667,4,2,0,75,0,0
66768,-133.333333333333,4,2,0,75,0,0
66898,-54.054054054054,4,2,0,75,0,0
67159,-64.5161290322581,4,2,0,75,0,0
67420,-80,4,2,0,75,0,0
67811,-50,4,2,0,75,0,0
68333,-66.6666666666667,4,2,0,75,0,0
69507,-133.333333333333,4,2,0,75,0,0
69898,-66.6666666666667,4,2,0,75,0,0
70550,-133.333333333333,4,2,0,75,0,0
70942,-50,4,2,0,75,0,0
71985,-50,4,2,0,75,0,0
72246,-66.6666666666667,4,2,0,75,0,0
72507,-100,4,2,0,75,0,0
74855,-66.6666666666667,4,2,0,75,0,0
75115,-50,4,2,0,75,0,0
75637,-181.818181818181,4,2,0,75,0,0
76159,-58.8235294117647,4,2,0,75,0,0
78246,-133.333333333333,4,2,0,75,0,0
78768,-45.4545454545455,4,2,0,75,0,0
79028,-100,4,2,0,75,0,0
80333,-58.8235294117647,4,2,0,75,0,0
82681,-100,4,2,0,75,0,0
82942,-45.4545454545455,4,2,0,75,0,0
83202,-100,4,2,0,75,0,0
84246,-58.8235294117647,4,2,0,75,0,0
84507,-58.8235294117647,4,2,0,75,0,0
87115,-45.4545454545455,4,2,0,75,0,0
87376,-100,4,2,0,75,0,0
88420,-58.8235294117647,4,2,0,75,0,0
91289,-45.4545454545455,4,2,0,75,0,0
91550,-100,4,2,0,75,0,0
91811,-44.4444444444445,4,2,0,75,0,0
92855,-62.5,4,2,0,75,0,0
94942,-52.6315789473684,4,2,0,75,0,0
95072,-40,4,2,0,75,0,0
95202,-66.6666666666667,4,2,0,75,0,0
95333,-62.5,4,2,0,75,0,0
95724,-76.9230769230769,4,2,0,75,0,0
95985,-66.6666666666667,4,2,0,75,0,0
96115,-76.9230769230769,4,2,0,75,0,0
96246,-100,4,2,0,75,0,0
96376,-83.3333333333333,4,2,0,75,0,0
96637,-117.647058823529,4,2,0,75,0,0
96768,-66.6666666666667,4,2,0,75,0,0
97028,-50,4,2,0,75,0,0
97550,-58.8235294117647,4,2,0,75,0,0
99115,-83.3333333333333,4,2,0,75,0,0
100159,-66.6666666666667,4,2,0,75,0,0
101202,-47.6190476190476,4,2,0,75,0,0
101463,-66.6666666666667,4,2,0,75,0,0
101724,-55.5555555555556,4,2,0,75,0,0
102246,-62.5,4,2,0,75,0,0
102768,-71.4285714285714,4,2,0,75,0,0
103289,-55.5555555555556,4,2,0,75,0,0
105115,-71.4285714285714,4,2,0,75,0,0
105376,-50,4,2,0,75,0,0
106420,-47.6190476190476,4,2,0,75,0,0
106942,-133.333333333333,4,2,0,75,0,0
107202,-76.9230769230769,4,2,0,75,0,0
107463,-62.5,4,2,0,75,0,0
109028,-100,4,2,0,75,0,0
109289,-50,4,2,0,75,0,0
109550,-100,4,2,0,75,0,0
117898,-133.333333333333,4,2,0,75,0,0
128333,-90.9090909090909,4,2,0,75,0,0
130420,-117.647058823529,4,2,0,75,0,0
132507,-83.3333333333333,4,2,0,75,0,0
134594,-100,4,2,0,75,0,0
139811,-83.3333333333333,4,2,0,75,0,0
141898,-133.333333333333,4,2,0,75,0,0
142420,-181.818181818181,4,2,0,75,0,0
142681,-66.6666666666667,4,2,0,75,0,0
142942,-60.6060606060606,4,2,0,75,0,1
143463,-64.5161290322581,4,2,0,75,0,1
143985,-68.9655172413793,4,2,0,75,0,1
144246,-64.5161290322581,4,2,0,75,0,1
144507,-60.6060606060606,4,2,0,75,0,1
144768,-54.054054054054,4,2,0,75,0,1
145028,-60.6060606060606,4,2,0,75,0,1
145550,-64.5161290322581,4,2,0,75,0,1
146072,-68.9655172413793,4,2,0,75,0,1
146333,-64.5161290322581,4,2,0,75,0,1
146594,-60.6060606060606,4,2,0,75,0,1
146855,-54.054054054054,4,2,0,75,0,1
147115,-60.6060606060606,4,2,0,75,0,1
147637,-64.5161290322581,4,2,0,75,0,1
148159,-68.9655172413793,4,2,0,75,0,1
148420,-64.5161290322581,4,2,0,75,0,1
148681,-60.6060606060606,4,2,0,75,0,1
148942,-54.054054054054,4,2,0,75,0,1
149202,-60.6060606060606,4,2,0,75,0,1
150768,-100,4,2,0,75,0,1
151028,-54.054054054054,4,2,0,75,0,1
151289,-60.6060606060606,4,2,0,75,0,1
151811,-64.5161290322581,4,2,0,75,0,1
152333,-68.9655172413793,4,2,0,75,0,1
152594,-64.5161290322581,4,2,0,75,0,1
152855,-60.6060606060606,4,2,0,75,0,1
153115,-54.054054054054,4,2,0,75,0,1
153376,-60.6060606060606,4,2,0,75,0,1
153898,-64.5161290322581,4,2,0,75,0,1
154420,-68.9655172413793,4,2,0,75,0,1
154681,-64.5161290322581,4,2,0,75,0,1
154942,-60.6060606060606,4,2,0,75,0,1
155202,-54.054054054054,4,2,0,75,0,1
155463,-76.9230769230769,4,2,0,75,0,1
155659,-76.9230769230769,4,2,0,75,0,1
155855,-76.9230769230769,4,2,0,75,0,1
156050,-76.9230769230769,4,2,0,75,0,1
156246,-76.9230769230769,4,2,0,75,0,1
156442,-76.9230769230769,4,2,0,75,0,1
156637,-76.9230769230769,4,2,0,75,0,1
158072,-83.3333333333333,4,2,0,75,0,1
158594,-54.054054054054,4,2,0,75,0,0
159637,-153.846153846153,4,2,0,75,0,0
159898,-60.6060606060606,4,2,0,75,0,1
162768,-133.333333333333,4,2,0,75,0,1
162898,-50,4,2,0,75,0,1
163811,-133.333333333333,4,2,0,75,0,1
164072,-66.6666666666667,4,2,0,75,0,1
164333,-50,4,2,0,75,0,1
164594,-60.6060606060606,4,2,0,75,0,1
165898,-30.7692307692308,4,2,0,75,0,1
166028,-60.6060606060606,4,2,0,75,0,1
166681,-33.8983050847458,4,2,0,75,0,1
166811,-60.6060606060606,4,2,0,75,0,1
167463,-51.2820512820513,4,2,0,75,0,1
167724,-55.5555555555556,4,2,0,75,0,1
167985,-60.6060606060606,4,2,0,75,0,1
171115,-133.333333333333,4,2,0,75,0,1
171246,-54.054054054054,4,2,0,75,0,1
171507,-60.6060606060606,4,2,0,75,0,1
171768,-68.9655172413793,4,2,0,75,0,1
172159,-60.6060606060606,4,2,0,75,0,1
173202,-54.054054054054,4,2,0,75,0,1
174246,-48.780487804878,4,2,0,75,0,1
175289,-57.1428571428571,4,2,0,75,0,0
176333,-50,4,2,0,75,0,0
176855,-83.3333333333333,4,2,0,75,0,0
177115,-66.6666666666667,4,2,0,75,0,0
177376,-100,4,2,0,75,0,0
179463,-62.5,4,2,0,75,0,0
180246,-45.4545454545455,4,2,0,75,0,0
180507,-55.5555555555556,4,2,0,75,0,0
181028,-83.3333333333333,4,2,0,75,0,0
181289,-62.5,4,2,0,75,0,0
181550,-100,4,2,0,75,0,0
183637,-90.9090909090909,4,2,0,75,0,0
184681,-90.9090909090909,4,2,0,75,0,0
193028,-100,4,2,0,75,0,0
199289,-100,4,2,0,75,0,0
199420,-90.9090909090909,4,2,0,75,0,0
199550,-83.3333333333333,4,2,0,75,0,0
199681,-76.9230769230769,4,2,0,75,0,0
199811,-71.4285714285714,4,2,0,75,0,0
199942,-66.6666666666667,4,2,0,75,0,0
200072,-62.5,4,2,0,75,0,0
200202,-58.8235294117647,4,2,0,75,0,0
200333,-133.333333333333,4,2,0,75,0,0
200594,-100,4,2,0,75,0,0
201376,-50,4,2,0,75,0,0
201768,-100,4,2,0,75,0,0
201898,-76.9230769230769,4,2,0,75,0,0
202159,-55.5555555555556,4,2,0,75,0,0
203202,-76.9230769230769,4,2,0,75,0,0
203463,-83.3333333333333,4,2,0,75,0,0
203985,-71.4285714285714,4,2,0,75,0,0
204246,-62.5,4,2,0,75,0,0
204507,-76.9230769230769,4,2,0,75,0,0
205028,-66.6666666666667,4,2,0,75,0,0
205289,-58.8235294117647,4,2,0,75,0,0
205550,-62.5,4,2,0,75,0,0
207898,-83.3333333333333,4,2,0,75,0,0
208028,-62.5,4,2,0,75,0,0
208289,-83.3333333333333,4,2,0,75,0,0
208420,-62.5,4,2,0,75,0,0
208942,-83.3333333333333,4,2,0,75,0,0
209724,-47.6190476190476,4,2,0,75,0,0
209985,-71.4285714285714,4,2,0,75,0,0
210115,-133.333333333333,4,2,0,75,0,0
210246,-71.4285714285714,4,2,0,75,0,0
210507,-62.5,4,2,0,75,0,0
211550,-71.4285714285714,4,2,0,75,0,0
211811,-83.3333333333333,4,2,0,75,0,0
212333,-71.4285714285714,4,2,0,75,0,0
212594,-62.5,4,2,0,75,0,0
212855,-71.4285714285714,4,2,0,75,0,0
213376,-66.6666666666667,4,2,0,75,0,0
213637,-58.8235294117647,4,2,0,75,0,0
218333,-133.333333333333,4,2,0,75,0,0
218594,-58.8235294117647,4,2,0,75,0,0
218855,-133.333333333333,4,2,0,75,0,0
219115,-58.8235294117647,4,2,0,75,0,0
220159,-57.1428571428571,4,2,0,75,0,1
220681,-60.6060606060606,4,2,0,75,0,1
221202,-64.5161290322581,4,2,0,75,0,1
221463,-60.6060606060606,4,2,0,75,0,1
221724,-57.1428571428571,4,2,0,75,0,1
221985,-51.2820512820513,4,2,0,75,0,1
222246,-57.1428571428571,4,2,0,75,0,1
222768,-60.6060606060606,4,2,0,75,0,1
223289,-64.5161290322581,4,2,0,75,0,1
223550,-60.6060606060606,4,2,0,75,0,1
223811,-57.1428571428571,4,2,0,75,0,1
224072,-51.2820512820513,4,2,0,75,0,1
224333,-57.1428571428571,4,2,0,75,0,1
224855,-60.6060606060606,4,2,0,75,0,1
225376,-64.5161290322581,4,2,0,75,0,1
225637,-60.6060606060606,4,2,0,75,0,1
225898,-57.1428571428571,4,2,0,75,0,1
226159,-48.780487804878,4,2,0,75,0,1
226420,-54.054054054054,4,2,0,75,0,1
227463,-51.2820512820513,4,2,0,75,0,1
228507,-57.1428571428571,4,2,0,75,0,1
229028,-60.6060606060606,4,2,0,75,0,1
229550,-64.5161290322581,4,2,0,75,0,1
229811,-60.6060606060606,4,2,0,75,0,1
230072,-57.1428571428571,4,2,0,75,0,1
230333,-51.2820512820513,4,2,0,75,0,1
230594,-57.1428571428571,4,2,0,75,0,1
231637,-54.054054054054,4,2,0,75,0,1
232159,-54.054054054054,4,2,0,75,0,1
232420,-51.2820512820513,4,2,0,75,0,1
232681,-41.6666666666667,4,2,0,75,0,1
232811,-54.054054054054,4,2,0,75,0,1
232942,-42.5531914893617,4,2,0,75,0,1
233202,-54.054054054054,4,2,0,75,0,1
233463,-42.5531914893617,4,2,0,75,0,1
233724,-54.054054054054,4,2,0,75,0,1
233985,-42.5531914893617,4,2,0,75,0,1
234507,-54.054054054054,4,2,0,75,0,1
236333,-57.1428571428571,4,2,0,75,0,0
236855,-54.054054054054,4,2,0,75,0,1
238159,-57.1428571428571,4,2,0,75,0,1
238420,-60.6060606060606,4,2,0,75,0,1
238681,-64.5161290322581,4,2,0,75,0,1
238942,-66.6666666666667,4,2,0,75,0,0
239202,-76.9230769230769,4,2,0,75,0,0
239985,-71.4285714285714,4,2,0,75,0,0
241028,-54.054054054054,4,2,0,75,0,1
242072,-48.780487804878,4,2,0,75,0,1
242594,-54.054054054054,4,2,0,75,0,1
243115,-76.9230769230769,4,2,0,75,0,0
251985,-100,4,2,0,75,0,0
253550,-55.5555555555556,4,2,0,75,0,0
253811,-54.054054054054,4,2,0,75,0,1
255637,-54.054054054054,4,2,0,75,0,0
255898,-54.054054054054,4,2,0,75,0,1
257724,-54.054054054054,4,2,0,75,0,0


[HitObjects]
42,335,20855,6,0,L|33:282,1,27.5000008392334,0|0,0:0|0:0,0:0:0:0:
118,384,20985,2,0,L|135:277,1,75.0000028610231,0|0,0:0|0:0,0:0:0:0:
92,237,21246,6,0,L|100:184,1,27.5000008392334,0|0,0:0|0:0,0:0:0:0:
16,286,21376,2,0,L|-1:179,1,75.0000028610231,0|0,0:0|0:0,0:0:0:0:
50,90,21637,5,0,0:0:0:0:
54,75,21702,1,0,0:0:0:0:
58,60,21767,1,0,0:0:0:0:
63,45,21833,1,0,0:0:0:0:
68,31,21898,2,0,P|126:34|168:75,1,89.9999972534181,0|0,0:0|0:0,0:0:0:0:
234,99,22159,5,0,0:0:0:0:
289,47,22289,1,0,0:0:0:0:
298,138,22420,2,0,P|259:156|238:213,1,89.9999972534181,0|0,0:0|0:0,0:0:0:0:
160,239,22681,5,0,0:0:0:0:
134,178,22811,1,0,0:0:0:0:
86,224,22942,2,0,P|123:263|122:324,1,89.9999972534181,0|0,0:0|0:0,0:0:0:0:
191,371,23202,5,0,0:0:0:0:
254,306,23333,1,0,0:0:0:0:
302,381,23463,1,0,0:0:0:0:
277,300,23594,1,0,0:0:0:0:
373,324,23724,1,0,0:0:0:0:
289,285,23855,1,0,0:0:0:0:
363,234,23985,2,0,L|482:219,1,89.9999972534181,0|0,0:0|0:0,0:0:0:0:
331,143,24246,5,0,0:0:0:0:
280,211,24376,1,0,0:0:0:0:
241,137,24507,2,0,L|122:122,1,89.9999972534181,0|0,0:0|0:0,0:0:0:0:
277,60,24768,5,0,0:0:0:0:
330,112,24898,1,0,0:0:0:0:
359,46,25028,2,0,L|458:33,1,89.9999972534181,0|0,0:0|0:0,0:0:0:0:
162,23,25289,5,0,0:0:0:0:
161,123,25420,1,0,0:0:0:0:
81,66,25550,1,0,0:0:0:0:
138,140,25681,1,0,0:0:0:0:
30,146,25811,1,0,0:0:0:0:
124,184,25942,1,0,0:0:0:0:
124,184,26007,1,0,0:0:0:0:
124,184,26072,2,0,P|140:246|186:282,1,89.9999972534181,0|0,0:0|0:0,0:0:0:0:
244,300,26333,5,0,0:0:0:0:
318,330,26463,1,0,0:0:0:0:
265,384,26594,2,0,P|271:344|314:311,1,89.9999972534181,0|0,0:0|0:0,0:0:0:0:
360,149,26855,5,0,0:0:0:0:
301,172,26985,1,0,0:0:0:0:
347,219,27115,2,0,P|405:252|456:238,1,89.9999972534181,0|0,0:0|0:0,0:0:0:0:
501,210,27376,5,0,0:0:0:0:
415,169,27507,1,0,0:0:0:0:
505,131,27637,1,0,0:0:0:0:
408,148,27768,1,0,0:0:0:0:
473,57,27898,2,0,L|407:46,1,44.999998626709,0|0,0:0|0:0,0:0:0:0:
393,126,28028,2,0,L|334:137,1,44.999998626709,0|0,0:0|0:0,0:0:0:0:
270,93,28159,6,0,L|285:-23,1,89.9999972534181,0|0,0:0|0:0,0:0:0:0:
179,111,28420,1,0,0:0:0:0:
236,181,28550,1,0,0:0:0:0:
142,191,28681,1,0,0:0:0:0:
245,196,28811,1,0,0:0:0:0:
184,271,28942,1,0,0:0:0:0:
262,210,29072,1,0,0:0:0:0:
347,249,29202,5,0,0:0:0:0:
327,161,29333,1,0,0:0:0:0:
260,332,29463,1,0,0:0:0:0:
451,292,29594,5,0,0:0:0:0:
340,169,29724,1,0,0:0:0:0:
257,354,29855,1,0,0:0:0:0:
175,173,29985,1,0,0:0:0:0:
76,299,30115,1,0,0:0:0:0:
76,299,30181,1,0,0:0:0:0:
76,299,30246,2,0,P|65:218|-39:166,1,179.999994506836,0|0,0:0|0:0,0:0:0:0:
282,128,30507,5,0,0:0:0:0:
249,209,30637,1,0,0:0:0:0:
189,148,30768,2,0,P|210:123|271:115,1,89.9999972534181,0|0,0:0|0:0,0:0:0:0:
54,28,31028,5,0,0:0:0:0:
67,104,31159,1,0,0:0:0:0:
129,54,31289,2,0,P|83:12|33:14,1,89.9999972534181,0|0,0:0|0:0,0:0:0:0:
241,101,31550,5,0,0:0:0:0:
221,15,31681,1,0,0:0:0:0:
262,107,31811,1,0,0:0:0:0:
316,32,31942,1,0,0:0:0:0:
278,129,32072,2,0,L|331:141,1,44.999998626709,0|0,0:0|0:0,0:0:0:0:
389,93,32202,2,0,L|437:89,1,44.999998626709,0|0,0:0|0:0,0:0:0:0:
507,139,32333,6,0,L|500:257,1,89.9999972534181,0|0,0:0|0:0,0:0:0:0:
352,379,32594,1,0,0:0:0:0:
293,307,32724,1,0,0:0:0:0:
378,293,32855,2,0,L|385:411,1,89.9999972534181,0|0,0:0|0:0,0:0:0:0:
230,220,33115,5,0,0:0:0:0:
178,278,33245,1,0,0:0:0:0:
263,292,33376,2,0,L|270:174,1,89.9999972534181,0|0,0:0|0:0,0:0:0:0:
240,115,33637,5,0,0:0:0:0:
178,202,33768,1,0,0:0:0:0:
155,84,33898,1,0,0:0:0:0:
164,216,34028,1,0,0:0:0:0:
56,128,34159,1,0,0:0:0:0:
20,237,34289,1,0,0:0:0:0:
20,237,34355,1,0,0:0:0:0:
20,237,34420,2,0,B|83:244|83:244|91:249|91:249|171:258,1,134.999995880127,0|0,0:0|0:0,0:0:0:0:
278,384,34681,5,0,0:0:0:0:
212,319,34811,1,0,0:0:0:0:
250,239,34942,2,0,L|242:133,1,89.9999972534181,0|0,0:0|0:0,0:0:0:0:
99,224,35202,5,0,0:0:0:0:
157,166,35332,1,0,0:0:0:0:
123,95,35463,2,0,L|130:1,1,89.9999972534181,0|0,0:0|0:0,0:0:0:0:
254,16,35724,5,0,0:0:0:0:
371,29,35855,1,0,0:0:0:0:
278,112,35985,1,0,0:0:0:0:
385,54,36115,1,0,0:0:0:0:
353,169,36246,2,0,L|359:236,1,44.999998626709,0|0,0:0|0:0,0:0:0:0:
412,69,36376,2,0,L|418:136,1,44.999998626709,0|0,0:0|0:0,0:0:0:0:
490,303,36507,6,0,P|442:300|401:262,1,89.9999972534181,0|0,0:0|0:0,0:0:0:0:
320,336,36768,2,0,P|307:257|327:225,1,89.9999972534181,0|0,0:0|0:0,0:0:0:0:
172,205,37028,2,0,P|230:166|284:177,1,89.9999972534181,0|0,0:0|0:0,0:0:0:0:
213,11,37289,2,0,P|276:19|317:48,1,89.9999972534181,0|0,0:0|0:0,0:0:0:0:
313,222,37550,5,0,0:0:0:0:
124,291,37681,1,0,0:0:0:0:
124,291,37746,1,0,0:0:0:0:
124,291,37811,1,0,0:0:0:0:
407,248,37942,1,0,0:0:0:0:
154,109,38072,1,0,0:0:0:0:
196,370,38202,1,0,0:0:0:0:
304,40,38333,1,0,0:0:0:0:
300,332,38463,1,0,0:0:0:0:
30,29,38594,6,0,L|165:21,1,110.000003356934,0|0,0:0|0:0,0:0:0:0:
274,177,38855,1,0,0:0:0:0:
6,122,38985,6,0,L|141:114,1,110.000003356934,0|0,0:0|0:0,0:0:0:0:
250,270,39246,1,0,0:0:0:0:
361,109,39376,2,0,L|354:0,1,110.000003356934,0|0,0:0|0:0,0:0:0:0:
263,159,39637,6,0,L|256:49,1,110.000003356934,0|0,0:0|0:0,0:0:0:0:
151,262,39898,1,0,0:0:0:0:
360,191,40028,6,0,L|353:81,1,110.000003356934,0|0,0:0|0:0,0:0:0:0:
264,366,40289,1,0,0:0:0:0:
505,264,40420,2,0,L|395:270,1,110.000003356934,0|0,0:0|0:0,0:0:0:0:
360,191,40681,6,0,L|250:197,1,110.000003356934,0|0,0:0|0:0,0:0:0:0:
140,333,40942,1,0,0:0:0:0:
384,98,41072,6,0,L|274:104,1,110.000003356934,0|0,0:0|0:0,0:0:0:0:
121,222,41333,1,0,0:0:0:0:
19,12,41463,2,0,L|25:121,1,110.000003356934,0|0,0:0|0:0,0:0:0:0:
168,171,41724,6,0,L|161:61,1,110.000003356934,0|0,0:0|0:0,0:0:0:0:
105,350,41985,1,0,0:0:0:0:
64,196,42115,6,0,L|57:86,1,110.000003356934,0|0,0:0|0:0,0:0:0:0:
0,376,42376,1,0,0:0:0:0:
244,241,42507,1,0,0:0:0:0:
271,238,42572,1,0,0:0:0:0:
298,235,42637,1,0,0:0:0:0:
326,232,42702,1,0,0:0:0:0:
353,230,42768,6,0,L|364:367,1,110.000003356934,0|0,0:0|0:0,0:0:0:0:
464,149,43028,1,0,0:0:0:0:
249,142,43159,6,0,L|259:278,1,110.000003356934,0|0,0:0|0:0,0:0:0:0:
359,60,43419,1,0,0:0:0:0:
99,2,43550,2,0,L|24:6,1,55.0000016784668,0|0,0:0|0:0,0:0:0:0:
104,83,43681,2,0,L|29:87,1,55.0000016784668,0|0,0:0|0:0,0:0:0:0:
162,159,43811,6,0,L|43:167,1,110.000003356934,0|0,0:0|0:0,0:0:0:0:
272,39,44072,1,0,0:0:0:0:
206,268,44202,6,0,L|87:276,1,110.000003356934,0|0,0:0|0:0,0:0:0:0:
316,148,44463,1,0,0:0:0:0:
489,363,44594,1,0,0:0:0:0:
465,162,44724,1,0,0:0:0:0:
332,225,44855,6,0,L|344:360,1,110.000003356934,0|0,0:0|0:0,0:0:0:0:
484,133,45115,1,0,0:0:0:0:
230,94,45246,6,0,L|242:229,1,110.000003356934,0|0,0:0|0:0,0:0:0:0:
382,2,45506,1,0,0:0:0:0:
132,169,45637,2,0,L|40:179,1,55.0000016784668,0|0,0:0|0:0,0:0:0:0:
101,258,45768,2,0,L|46:263,1,55.0000016784668,0|0,0:0|0:0,0:0:0:0:
146,338,45898,6,0,L|11:351,1,110.000003356934,0|0,0:0|0:0,0:0:0:0:
310,384,46159,1,0,0:0:0:0:
268,193,46289,2,0,L|200:199,1,55.0000016784668,0|0,0:0|0:0,0:0:0:0:
360,140,46420,2,0,L|414:144,1,55.0000016784668,0|0,0:0|0:0,0:0:0:0:
296,15,46550,5,0,0:0:0:0:
295,36,46615,1,0,0:0:0:0:
293,58,46681,2,0,L|288:122,1,55.0000016784668,0|0,0:0|0:0,0:0:0:0:
363,220,46811,2,0,L|368:284,1,55.0000016784668,0|0,0:0|0:0,0:0:0:0:
426,367,46942,5,0,0:0:0:0:
244,209,47072,2,0,P|210:263|218:292,2,55.0000016784668,0|0|0,0:0|0:0|0:0,0:0:0:0:
111,242,47333,2,0,P|121:304|135:320,2,55.0000016784668,0|0|0,0:0|0:0|0:0,0:0:0:0:
27,349,47594,2,0,P|74:387|95:391,2,55.0000016784668,0|0|0,0:0|0:0|0:0,0:0:0:0:
276,361,47855,6,0,P|325:342|346:324,2,55.0000016784668,0|0|0,0:0|0:0|0:0,0:0:0:0:
445,347,48115,2,0,P|449:281|431:257,2,55.0000016784668,0|0|0,0:0|0:0|0:0,0:0:0:0:
505,182,48376,2,0,P|453:149|429:149,2,55.0000016784668,0|0|0,0:0|0:0|0:0,0:0:0:0:
398,36,48637,2,0,P|348:63|339:89,2,55.0000016784668,0|0|0,0:0|0:0|0:0,0:0:0:0:
216,119,48898,5,0,0:0:0:0:
222,135,48963,1,0,0:0:0:0:
233,148,49028,1,0,0:0:0:0:
217,243,49159,5,0,0:0:0:0:
236,241,49224,1,0,0:0:0:0:
253,233,49289,1,0,0:0:0:0:
350,320,49420,5,0,0:0:0:0:
355,295,49485,1,0,0:0:0:0:
351,273,49550,1,0,0:0:0:0:
451,182,49681,5,0,0:0:0:0:
426,168,49746,1,0,0:0:0:0:
403,165,49811,1,0,0:0:0:0:
366,7,49942,5,0,0:0:0:0:
341,27,50007,1,0,0:0:0:0:
330,50,50072,1,0,0:0:0:0:
157,25,50202,5,0,0:0:0:0:
146,60,50267,1,0,0:0:0:0:
153,89,50332,1,0,0:0:0:0:
31,181,50463,5,0,0:0:0:0:
55,210,50528,1,0,0:0:0:0:
86,223,50593,1,0,0:0:0:0:
121,375,50724,5,0,0:0:0:0:
163,379,50789,1,0,0:0:0:0:
198,363,50855,2,0,L|203:275,1,55.0000016784668,0|0,0:0|0:0,0:0:0:0:
113,326,50985,2,0,L|118:238,1,55.0000016784668,0|0,0:0|0:0,0:0:0:0:
469,245,51115,6,0,L|504:239,2,27.5000008392334,0|0|0,0:0|0:0|0:0,0:0:0:0:
455,164,51246,2,0,L|482:159,2,27.5000008392334,0|0|0,0:0|0:0|0:0,0:0:0:0:
284,194,51376,6,0,L|249:200,2,27.5000008392334,0|0|0,0:0|0:0|0:0,0:0:0:0:
298,275,51507,2,0,L|270:279,2,27.5000008392334,0|0|0,0:0|0:0|0:0,0:0:0:0:
398,100,51637,6,0,L|392:65,2,27.5000008392334,0|0|0,0:0|0:0|0:0,0:0:0:0:
317,114,51768,2,0,L|312:86,2,27.5000008392334,0|0|0,0:0|0:0|0:0,0:0:0:0:
355,340,51898,6,0,L|361:375,2,27.5000008392334,0|0|0,0:0|0:0|0:0,0:0:0:0:
436,326,52029,2,0,L|440:353,2,27.5000008392334,0|0|0,0:0|0:0|0:0,0:0:0:0:
284,194,52159,6,0,L|288:166,2,27.5000008392334,0|0|0,0:0|0:0|0:0,0:0:0:0:
203,180,52289,6,0,L|207:152,2,27.5000008392334,0|0|0,0:0|0:0|0:0,0:0:0:0:
178,278,52420,6,0,L|182:305,2,27.5000008392334,0|0|0,0:0|0:0|0:0,0:0:0:0:
133,286,52550,6,0,L|137:313,2,27.5000008392334,0|0|0,0:0|0:0|0:0,0:0:0:0:
105,160,52681,6,0,L|109:132,2,27.5000008392334,0|0|0,0:0|0:0|0:0,0:0:0:0:
71,155,52811,6,0,L|75:127,2,27.5000008392334,0|0|0,0:0|0:0|0:0,0:0:0:0:
14,278,52942,6,0,L|18:305,2,27.5000008392334,0|0|0,0:0|0:0|0:0,0:0:0:0:
0,280,53072,6,0,L|4:307,2,27.5000008392334,0|0|0,0:0|0:0|0:0,0:0:0:0:
0,258,53202,5,0,0:0:0:0:
26,249,53267,1,0,0:0:0:0:
53,247,53332,1,0,0:0:0:0:
80,251,53397,1,0,0:0:0:0:
105,262,53462,1,0,0:0:0:0:
127,278,53528,1,0,0:0:0:0:
145,299,53593,1,0,0:0:0:0:
157,323,53658,1,0,0:0:0:0:
163,350,53723,5,0,0:0:0:0:
213,373,53789,1,0,0:0:0:0:
268,379,53854,1,0,0:0:0:0:
321,367,53919,1,0,0:0:0:0:
371,335,53984,5,0,0:0:0:0:
411,288,54050,1,0,0:0:0:0:
435,230,54115,1,0,0:0:0:0:
440,169,54180,1,0,0:0:0:0:
420,115,54246,6,0,L|426:64,1,37.5000014305115,0|0,0:0|0:0,0:0:0:0:
454,229,54376,2,0,L|495:259,1,37.5000014305115,0|0,0:0|0:0,0:0:0:0:
338,201,54507,2,0,L|290:221,1,37.5000014305115,0|0,0:0|0:0,0:0:0:0:
252,141,54637,2,0,L|207:132,1,37.5000014305115,0|0,0:0|0:0,0:0:0:0:
218,43,54768,6,0,L|140:5,1,75,0|0,0:0|0:0,0:0:0:0:
35,120,55028,6,0,B|21:39|21:39|112:83|112:83|93:223,1,300,0|0,0:0|0:0,0:0:0:0:
38,329,55289,6,0,P|64:286|26:327,1,150.000005722046,0|0,0:0|0:0,0:0:0:0:
167,262,55550,5,0,0:0:0:0:
195,219,55615,1,0,0:0:0:0:
201,268,55681,1,0,0:0:0:0:
238,253,55746,1,0,0:0:0:0:
238,296,55811,5,0,0:0:0:0:
357,360,56072,5,0,0:0:0:0:
377,377,56137,1,0,0:0:0:0:
402,384,56202,1,0,0:0:0:0:
429,380,56267,1,0,0:0:0:0:
451,366,56332,1,0,0:0:0:0:
466,344,56398,1,0,0:0:0:0:
469,317,56463,1,0,0:0:0:0:
462,291,56528,1,0,0:0:0:0:
382,265,56594,5,0,0:0:0:0:
383,281,56659,1,0,0:0:0:0:
384,298,56724,1,0,0:0:0:0:
386,315,56789,1,0,0:0:0:0:
462,291,56855,5,0,0:0:0:0:
468,265,56920,1,0,0:0:0:0:
464,240,56985,1,0,0:0:0:0:
449,217,57050,1,0,0:0:0:0:
427,203,57115,1,0,0:0:0:0:
401,198,57181,1,0,0:0:0:0:
375,207,57246,1,0,0:0:0:0:
355,224,57311,1,0,0:0:0:0:
285,303,57376,5,0,0:0:0:0:
290,261,57442,1,0,0:0:0:0:
264,299,57507,1,0,0:0:0:0:
272,245,57573,1,0,0:0:0:0:
233,293,57637,6,0,B|217:276|217:276|235:188,1,75.0000028610231,0|0,0:0|0:0,0:0:0:0:
424,9,57768,2,0,B|446:35|446:35|432:108|432:108|290:168,1,225.000008583069,0|0,0:0|0:0,0:0:0:0:
393,293,58028,5,0,0:0:0:0:
177,92,58159,2,0,B|171:48|171:48|221:0|221:0|398:30,1,225.000008583069,0|0,0:0|0:0,0:0:0:0:
349,18,58420,2,0,L|341:69,1,37.5000014305115,0|0,0:0|0:0,0:0:0:0:
127,176,58550,6,0,P|61:116|79:78,1,92.4999996471405,0|0,0:0|0:0,0:0:0:0:
31,109,58681,2,0,P|16:46|40:-3,1,92.4999996471405,0|0,0:0|0:0,0:0:0:0:
241,310,58811,6,0,P|163:337|147:386,1,77.5000005912781,0|0,0:0|0:0,0:0:0:0:
154,310,58942,2,0,P|119:351|120:381,1,77.5000005912781,0|0,0:0|0:0,0:0:0:0:
369,236,59072,6,0,P|326:225|310:204,1,62.5,0|0,0:0|0:0,0:0:0:0:
333,188,59202,2,0,P|336:146|364:123,1,62.5,0|0,0:0|0:0,0:0:0:0:
482,214,59333,5,0,0:0:0:0:
482,214,59398,1,0,0:0:0:0:
482,214,59463,2,0,B|504:275|504:275|462:342|462:342|326:325|326:325|286:257|286:257|165:239,2,400,0|0|0,0:0|0:0|0:0,0:0:0:0:
363,223,60246,5,0,0:0:0:0:
352,200,60311,1,0,0:0:0:0:
347,176,60376,1,0,0:0:0:0:
347,151,60442,1,0,0:0:0:0:
353,127,60507,1,0,0:0:0:0:
365,105,60572,1,0,0:0:0:0:
381,86,60637,1,0,0:0:0:0:
401,71,60702,1,0,0:0:0:0:
474,95,60768,5,0,0:0:0:0:
488,88,60833,1,0,0:0:0:0:
481,110,60898,1,0,0:0:0:0:
496,104,60963,1,0,0:0:0:0:
439,180,61028,5,0,0:0:0:0:
413,181,61093,1,0,0:0:0:0:
390,176,61158,1,0,0:0:0:0:
367,166,61224,1,0,0:0:0:0:
347,151,61289,1,0,0:0:0:0:
331,132,61355,1,0,0:0:0:0:
321,109,61420,1,0,0:0:0:0:
314,86,61486,1,0,0:0:0:0:
388,49,61550,6,0,B|405:9|405:9|253:-4,1,150.000005722046,0|0,0:0|0:0,0:0:0:0:
205,70,61681,2,0,B|217:44|217:44|143:36,1,75.0000028610231,0|0,0:0|0:0,0:0:0:0:
46,67,61811,6,0,L|41:119,1,37.5000014305115,0|0,0:0|0:0,0:0:0:0:
62,74,61876,2,0,L|57:126,1,37.5000014305115,0|0,0:0|0:0,0:0:0:0:
81,82,61942,2,0,L|69:188,1,75.0000028610231,0|0,0:0|0:0,0:0:0:0:
182,308,62072,2,0,L|96:244,1,75.0000028610231,0|0,0:0|0:0,0:0:0:0:
0,240,62202,1,0,0:0:0:0:
166,176,62333,6,0,B|186:190|186:190|303:143,1,125,0|0,0:0|0:0,0:0:0:0:
397,34,62463,2,0,L|387:87,1,37.5000014305115,0|0,0:0|0:0,0:0:0:0:
377,21,62528,2,0,L|367:74,1,37.5000014305115,0|0,0:0|0:0,0:0:0:0:
356,10,62594,2,0,B|333:20|333:20|321:125,1,75.0000028610231,0|0,0:0|0:0,0:0:0:0:
426,217,62724,2,0,B|428:192|428:192|343:129,1,75.0000028610231,0|0,0:0|0:0,0:0:0:0:
147,189,62855,1,0,0:0:0:0:
496,129,62985,1,0,0:0:0:0:
496,129,63050,1,0,0:0:0:0:
496,129,63115,6,0,B|457:150|457:150|436:263|436:263|468:308|468:308|436:363|436:363|376:347|376:347|362:296|362:296|259:264|259:264|195:319,1,562.500021457673,0|0,0:0|0:0,0:0:0:0:
159,164,63507,5,0,0:0:0:0:
180,148,63572,1,0,0:0:0:0:
200,133,63637,2,0,B|237:84|237:84|186:22|186:22|117:50|117:50|123:131,1,262.500002503395,0|0,0:0|0:0,0:0:0:0:
2,200,63898,5,0,0:0:0:0:
0,256,63963,1,0,0:0:0:0:
32,198,64028,1,0,0:0:0:0:
55,234,64094,1,0,0:0:0:0:
64,179,64159,5,0,0:0:0:0:
129,381,64420,5,0,0:0:0:0:
118,351,64485,1,0,0:0:0:0:
119,318,64550,1,0,0:0:0:0:
132,288,64615,1,0,0:0:0:0:
153,263,64680,1,0,0:0:0:0:
181,247,64746,1,0,0:0:0:0:
212,241,64811,1,0,0:0:0:0:
245,246,64876,1,0,0:0:0:0:
322,228,64942,5,0,0:0:0:0:
317,248,65007,1,0,0:0:0:0:
314,269,65072,1,0,0:0:0:0:
310,289,65137,1,0,0:0:0:0:
385,274,65202,5,0,0:0:0:0:
418,279,65267,1,0,0:0:0:0:
450,273,65332,1,0,0:0:0:0:
478,257,65398,1,0,0:0:0:0:
498,232,65463,1,0,0:0:0:0:
511,202,65528,1,0,0:0:0:0:
512,169,65593,1,0,0:0:0:0:
502,139,65658,1,0,0:0:0:0:
451,67,65724,5,0,0:0:0:0:
429,111,65789,1,0,0:0:0:0:
418,53,65855,1,0,0:0:0:0:
408,107,65920,1,0,0:0:0:0:
382,57,65985,6,0,B|354:87|354:87|385:188,1,75.0000028610231,0|0,0:0|0:0,0:0:0:0:
478,257,66115,2,0,B|479:229|479:229|437:193|437:193|281:220,1,225.000008583069,0|0,0:0|0:0,0:0:0:0:
247,309,66376,5,0,0:0:0:0:
322,0,66507,2,0,B|246:11|246:11|227:80|227:80|88:109,1,225.000008583069,0|0,0:0|0:0,0:0:0:0:
133,79,66768,2,0,L|125:24,1,37.5000014305115,0|0,0:0|0:0,0:0:0:0:
0,58,66898,6,0,P|36:166|9:193,1,92.4999996471405,0|0,0:0|0:0,0:0:0:0:
72,162,67028,2,0,P|52:253|25:268,1,92.4999996471405,0|0,0:0|0:0,0:0:0:0:
253,129,67159,6,0,P|231:215|207:229,1,77.5000005912781,0|0,0:0|0:0,0:0:0:0:
242,242,67289,2,0,P|190:264|152:262,1,77.5000005912781,0|0,0:0|0:0,0:0:0:0:
375,348,67420,6,0,P|329:382|298:377,1,62.5,0|0,0:0|0:0,0:0:0:0:
304,372,67550,2,0,P|245:361|228:337,1,62.5,0|0,0:0|0:0,0:0:0:0:
452,155,67681,5,0,0:0:0:0:
464,192,67746,1,0,0:0:0:0:
477,227,67811,2,0,B|490:261|490:261|453:320|453:320|253:290|253:290|249:280|249:280|149:262|149:262|116:307|116:307|133:362,1,500,0|0,0:0|0:0,0:0:0:0:
195,384,68202,1,0,0:0:0:0:
49,243,68333,2,0,B|4:301|4:301|29:402,1,150.000005722046,0|0,0:0|0:0,0:0:0:0:
207,284,68594,5,0,0:0:0:0:
202,269,68659,1,0,0:0:0:0:
197,255,68724,1,0,0:0:0:0:
192,241,68789,1,0,0:0:0:0:
188,227,68855,2,0,B|130:182|130:182|49:199|29:207,1,150.000005722046,0|0,0:0|0:0,0:0:0:0:
257,360,69115,1,0,0:0:0:0:
295,117,69246,2,0,B|353:72|353:72|508:105,1,225.000008583069,0|0,0:0|0:0,0:0:0:0:
511,127,69507,2,0,L|503:186,1,37.5000014305115,0|0,0:0|0:0,0:0:0:0:
246,163,69637,5,0,0:0:0:0:
224,152,69702,1,0,0:0:0:0:
204,143,69767,1,0,0:0:0:0:
184,133,69832,1,0,0:0:0:0:
164,125,69898,2,0,B|114:85|114:85|124:-38,1,150.000005722046,0|0,0:0|0:0,0:0:0:0:
246,342,70159,1,0,0:0:0:0:
364,231,70289,2,0,B|414:191|414:191|393:6,1,225.000008583069,0|0,0:0|0:0,0:0:0:0:
365,11,70550,2,0,L|298:22,1,37.5000014305115,0|0,0:0|0:0,0:0:0:0:
24,258,70681,5,0,0:0:0:0:
18,240,70746,1,0,0:0:0:0:
12,222,70811,1,0,0:0:0:0:
6,204,70876,1,0,0:0:0:0:
0,186,70942,6,0,B|5:134|5:134|2:122|2:122|4:78,1,100,0|0,0:0|0:0,0:0:0:0:
137,114,71072,6,0,B|142:62|142:62|139:50|139:50|141:6,1,100,0|0,0:0|0:0,0:0:0:0:
263,212,71202,6,0,B|268:160|268:160|265:148|265:148|267:104,1,100,0|0,0:0|0:0,0:0:0:0:
92,377,71333,5,0,0:0:0:0:
92,377,71398,1,0,0:0:0:0:
92,377,71463,2,0,B|13:318|13:318|109:288|109:288|179:339|179:339|372:350|372:350|429:331|429:331|459:301|459:301|474:258|474:258|468:224|468:224|456:200|456:200|434:169,1,700,0|0,0:0|0:0,0:0:0:0:
397,134,71985,6,0,B|328:78|328:78|353:2|353:2|411:50|411:50|394:136,1,300,0|0,0:0|0:0,0:0:0:0:
227,224,72246,6,0,B|196:159|196:159|236:108|236:108|270:165|270:165|227:228,1,240.000009155274,0|0,0:0|0:0,0:0:0:0:
124,96,72507,6,0,B|116:66|116:66|143:48|143:48|141:84,2,80,0|0|0,0:0|0:0|0:0,0:0:0:0:
199,142,72820,2,0,B|224:126|224:126|250:145|250:145|215:154,2,80,0|0|0,0:0|0:0|0:0,0:0:0:0:
195,247,73133,6,0,B|218:266|218:266|207:296|207:296|188:266,2,80,0|0|0,0:0|0:0|0:0,0:0:0:0:
97,293,73446,2,0,B|85:321|85:321|53:319|53:319|76:292,2,80,0|0|0,0:0|0:0|0:0,0:0:0:0:
22,183,73759,2,0,B|-8:180|-8:180|-17:149|-17:149|16:163,2,80,0|0|0,0:0|0:0|0:0,0:0:0:0:
143,23,74072,6,0,L|185:28,4,40,0|0|0|0|0,0:0|0:0|0:0|0:0|0:0,0:0:0:0:
253,86,74333,5,0,0:0:0:0:
254,95,74385,5,0,0:0:0:0:
255,105,74437,5,0,0:0:0:0:
256,115,74489,5,0,0:0:0:0:
258,126,74542,5,0,0:0:0:0:
259,138,74594,6,0,L|342:120,1,50,0|0,0:0|0:0,0:0:0:0:
378,55,74724,2,0,L|420:128,1,50,0|0,0:0|0:0,0:0:0:0:
396,331,74855,6,0,L|318:296,1,75.0000028610231,0|0,0:0|0:0,0:0:0:0:
226,313,74985,2,0,L|234:228,1,75.0000028610231,0|0,0:0|0:0,0:0:0:0:
512,185,75115,6,0,L|443:261,1,100,0|0,0:0|0:0,0:0:0:0:
426,373,75245,2,0,L|331:331,1,100,0|0,0:0|0:0,0:0:0:0:
295,194,75376,6,0,L|226:117,1,100,0|0,0:0|0:0,0:0:0:0:
209,6,75506,2,0,L|114:47,1,100,0|0,0:0|0:0,0:0:0:0:
54,216,75637,6,0,L|-8:225,2,55.0000016784668,0|0|0,0:0|0:0|0:0,0:0:0:0:
0,207,76159,6,0,B|49:200|49:200|104:259|104:259|85:318|85:318|128:372|128:372|239:361|239:361|264:309|264:309|436:284,1,595.000011348725,0|0,0:0|0:0,0:0:0:0:
487,252,76681,5,0,0:0:0:0:
512,180,76785,1,0,0:0:0:0:
469,120,76889,5,0,0:0:0:0:
469,120,76942,1,0,0:0:0:0:
469,120,76994,1,0,0:0:0:0:
393,132,77098,1,0,0:0:0:0:
316,144,77202,1,0,0:0:0:0:
239,156,77307,1,0,0:0:0:0:
161,168,77405,5,0,0:0:0:0:
151,180,77463,1,0,0:0:0:0:
165,277,77620,1,0,0:0:0:0:
57,234,77724,5,0,0:0:0:0:
18,186,77828,1,0,0:0:0:0:
51,139,77933,1,0,0:0:0:0:
132,98,78037,5,0,0:0:0:0:
180,60,78141,1,0,0:0:0:0:
158,7,78246,2,0,L|125:-1,9,30.0000011444092,0|0|0|0|0|0|0|0|0|0,0:0|0:0|0:0|0:0|0:0|0:0|0:0|0:0|0:0|0:0,0:0:0:0:
49,11,78768,6,0,P|26:43|61:126,1,110.000003356934,0|0,0:0|0:0,0:0:0:0:
27,123,78898,2,0,P|91:173|157:168,1,110.000003356934,0|0,0:0|0:0,0:0:0:0:
147,354,79028,6,0,P|151:301|189:268,1,88.8888888888889,0|0,0:0|0:0,0:0:0:0:
187,248,79202,2,0,P|227:223|276:227,1,88.8888888888889,0|0,0:0|0:0,0:0:0:0:
289,120,79364,6,0,P|346:146|369:139,1,85.7142857142857,0|0,0:0|0:0,0:0:0:0:
372,161,79513,2,0,P|410:159|446:124,1,85.7142857142857,0|0,0:0|0:0,0:0:0:0:
413,265,79681,6,0,P|460:246|487:251,1,50,0|0,0:0|0:0,0:0:0:0:
465,220,79811,2,0,P|511:233|525:246,1,50,0|0,0:0|0:0,0:0:0:0:
512,341,79942,2,0,P|466:328|452:315,1,50,0|0,0:0|0:0,0:0:0:0:
475,80,80072,1,0,0:0:0:0:
208,170,80202,5,0,0:0:0:0:
197,151,80268,1,0,0:0:0:0:
186,133,80333,2,0,B|159:70|159:70|222:11|222:11|295:47|295:47|293:102|286:174|286:174|240:202|240:202|229:319|229:319|294:365|294:365,1,582.857153974261,0|0,0:0|0:0,0:0:0:0:
376,362,80855,5,0,0:0:0:0:
441,337,80959,1,0,0:0:0:0:
506,319,81063,5,0,0:0:0:0:
506,319,81115,1,0,0:0:0:0:
506,319,81168,1,0,0:0:0:0:
491,237,81272,1,0,0:0:0:0:
409,225,81376,1,0,0:0:0:0:
372,300,81481,1,0,0:0:0:0:
289,287,81579,5,0,0:0:0:0:
277,270,81637,1,0,0:0:0:0:
294,127,81794,1,0,0:0:0:0:
196,206,81898,5,0,0:0:0:0:
182,277,82002,1,0,0:0:0:0:
111,287,82107,1,0,0:0:0:0:
79,222,82211,1,0,0:0:0:0:
130,172,82315,1,0,0:0:0:0:
178,123,82420,5,0,0:0:0:0:
173,106,82472,5,0,0:0:0:0:
168,89,82524,5,0,0:0:0:0:
164,72,82576,5,0,0:0:0:0:
160,56,82628,5,0,0:0:0:0:
156,39,82681,6,0,L|83:30,4,40,0|0|0|0|0,0:0|0:0|0:0|0:0|0:0,0:0:0:0:
37,16,82942,2,0,B|10:68|10:68|33:135,1,110.000003356934,0|0,0:0|0:0,0:0:0:0:
166,135,83072,2,0,B|188:81|188:81|170:16,1,110.000003356934,0|0,0:0|0:0,0:0:0:0:
33,278,83202,6,0,B|72:302|72:302|129:295,1,88.8888888888889,0|0,0:0|0:0,0:0:0:0:
133,212,83376,2,0,B|94:188|94:188|51:193,1,88.8888888888889,0|0,0:0|0:0,0:0:0:0:
247,365,83538,6,0,B|295:367|295:367|335:337,1,85.7142857142857
307,264,83687,2,0,B|258:261|258:261|218:292,1,85.7142857142857
397,156,83855,6,0,B|370:165|370:165|354:195,1,50,0|0,0:0|0:0,0:0:0:0:
431,242,83985,2,0,B|452:260|452:260|486:259,1,50,0|0,0:0|0:0,0:0:0:0:
489,169,84116,2,0,B|493:141|493:141|475:111,1,50,0|0,0:0|0:0,0:0:0:0:
318,96,84246,2,0,B|288:42|288:42|333:-9|333:-9|394:21|394:21|388:97,1,255.000004863739,0|0,0:0|0:0,0:0:0:0:
196,104,84507,6,0,B|217:141|217:141|194:201|194:201|124:216|124:216|83:184|83:184|11:199|11:199|-19:279|-19:279|35:339|35:339|97:324|97:324|158:359,1,595.000011348725,0|0,0:0|0:0,0:0:0:0:
277,375,85028,5,0,0:0:0:0:
322,315,85133,1,0,0:0:0:0:
293,252,85237,5,0,0:0:0:0:
293,252,85289,1,0,0:0:0:0:
293,252,85342,1,0,0:0:0:0:
378,240,85446,1,0,0:0:0:0:
392,155,85550,1,0,0:0:0:0:
401,71,85655,1,0,0:0:0:0:
324,32,85753,5,0,0:0:0:0:
308,49,85811,1,0,0:0:0:0:
501,167,85942,1,0,0:0:0:0:
278,238,86072,5,0,0:0:0:0:
192,177,86281,5,0,0:0:0:0:
113,122,86489,5,0,0:0:0:0:
37,166,86594,5,0,0:0:0:0:
31,182,86646,5,0,0:0:0:0:
27,200,86698,5,0,0:0:0:0:
23,217,86750,5,0,0:0:0:0:
18,235,86802,5,0,0:0:0:0:
14,252,86855,6,0,L|20:300,6,48.5714294978551,0|0|0|0|0|0|0,0:0|0:0|0:0|0:0|0:0|0:0|0:0,0:0:0:0:
93,368,87115,2,0,B|145:361|145:361|155:366|155:366|262:355,1,110.000003356934,0|0,0:0|0:0,0:0:0:0:
106,282,87246,2,0,B|158:275|158:275|168:280|168:280|275:269,1,110.000003356934,0|0,0:0|0:0,0:0:0:0:
483,270,87376,6,0,B|448:265|448:265|440:270|440:270|384:262,1,88.8888888888889,0|0,0:0|0:0,0:0:0:0:
468,187,87550,2,0,B|433:182|433:182|425:187|425:187|369:179,1,88.8888888888889,0|0,0:0|0:0,0:0:0:0:
168,174,87712,6,0,B|203:169|203:169|211:174|211:174|252:168,1,85.7142857142857,0|0,0:0|0:0,0:0:0:0:
183,91,87861,2,0,B|218:86|218:86|226:91|226:91|284:84,1,85.7142857142857,0|0,0:0|0:0,0:0:0:0:
473,87,88028,6,0,L|398:79,1,50
481,7,88159,2,0,L|406:-1,1,50,0|0,0:0|0:0,0:0:0:0:
459,171,88289,2,0,L|409:165,1,50
257,0,88420,1,0,0:0:0:0:
12,87,88550,5,0,0:0:0:0:
12,87,88615,1,0,0:0:0:0:
12,87,88681,2,0,B|16:17|16:17|87:-8|87:-8|118:51|118:51|55:170|55:170|80:233|80:233|154:212|154:212|187:101,1,595.000011348725,0|0,0:0|0:0,0:0:0:0:
240,58,89202,5,0,0:0:0:0:
320,43,89307,1,0,0:0:0:0:
404,29,89411,5,0,0:0:0:0:
404,29,89463,1,0,0:0:0:0:
404,29,89515,1,0,0:0:0:0:
492,16,89620,1,0,0:0:0:0:
484,113,89724,1,0,0:0:0:0:
470,210,89828,1,0,0:0:0:0:
388,166,89927,5,0,0:0:0:0:
389,188,89985,1,0,0:0:0:0:
496,309,90115,1,0,0:0:0:0:
295,133,90246,5,0,0:0:0:0:
304,245,90455,5,0,0:0:0:0:
313,357,90663,5,0,0:0:0:0:
393,287,90768,5,0,0:0:0:0:
376,284,90820,5,0,0:0:0:0:
359,281,90872,5,0,0:0:0:0:
342,278,90924,5,0,0:0:0:0:
325,276,90976,5,0,0:0:0:0:
309,273,91028,6,0,L|245:274,6,48.5714294978551,0|0|0|0|0|0|0,0:0|0:0|0:0|0:0|0:0|0:0|0:0,0:0:0:0:
171,264,91289,6,0,B|177:322|177:322|97:408,1,110.000003356934,0|0,0:0|0:0,0:0:0:0:
56,343,91420,2,0,B|42:290|42:290|71:243,1,110.000003356934,0|0,0:0|0:0,0:0:0:0:
144,180,91550,6,0,B|157:132|157:132|136:96,1,88.8888888888889,0|0,0:0|0:0,0:0:0:0:
47,115,91724,1,0,0:0:0:0:
196,17,91811,6,0,B|167:1|167:1|58:35,1,112.500004291535,0|0,0:0|0:0,0:0:0:0:
368,54,91942,2,0,B|397:38|397:38|506:72,1,112.500004291535,0|0,0:0|0:0,0:0:0:0:
144,159,92072,6,0,B|112:173|112:173|88:276,1,112.500004291535,0|0,0:0|0:0,0:0:0:0:
402,200,92202,2,0,B|434:214|434:214|458:317,1,112.500004291535,0|0,0:0|0:0,0:0:0:0:
180,364,92333,6,0,P|195:270|269:398,1,337.500012874604,0|0,0:0|0:0,0:0:0:0:
286,384,92594,1,0,0:0:0:0:
383,204,92724,5,0,0:0:0:0:
383,204,92789,1,0,0:0:0:0:
383,204,92855,2,0,L|487:189,1,80,0|0,0:0|0:0,0:0:0:0:
500,73,92985,1,0,0:0:0:0:
223,134,93115,1,0,0:0:0:0:
416,334,93246,1,0,0:0:0:0:
338,86,93376,6,0,L|224:74,1,80,0|0,0:0|0:0,0:0:0:0:
301,165,93507,2,0,L|187:153,1,80,0|0,0:0|0:0,0:0:0:0:
317,252,93637,2,0,L|203:240,1,80,0|0,0:0|0:0,0:0:0:0:
223,259,93898,6,0,L|105:256,1,80
198,154,94028,2,0,L|84:142,1,80
253,57,94159,2,0,L|139:36,1,80
145,31,94420,6,0,L|39:-1,1,80,0|0,0:0|0:0,0:0:0:0:
79,144,94551,2,0,L|-35:132,1,80,0|0,0:0|0:0,0:0:0:0:
109,274,94681,2,0,L|-7:295,1,80,0|0,0:0|0:0,0:0:0:0:
491,159,94811,1,0,0:0:0:0:
247,9,94942,6,0,P|296:34|315:75,1,94.9999974632264,0|0,0:0|0:0,0:0:0:0:
467,77,95072,2,0,P|393:144|402:198,1,125,0|0,0:0|0:0,0:0:0:0:
263,135,95202,2,0,P|290:184|288:215,1,75.0000028610231,0|0,0:0|0:0,0:0:0:0:
325,310,95333,1,0,0:0:0:0:
420,251,95463,6,0,B|457:258|509:250|509:250|473:256|426:301,1,160,0|0,0:0|0:0,0:0:0:0:
339,308,95724,2,0,L|351:394,1,64.9999970245363,0|0,0:0|0:0,0:0:0:0:
260,384,95855,2,0,L|251:319,1,64.9999970245363,0|0,0:0|0:0,0:0:0:0:
0,182,95985,6,0,P|39:215|47:256,1,75.0000028610231,0|0,0:0|0:0,0:0:0:0:
119,207,96115,2,0,P|132:256|115:294,1,64.9999970245363
208,292,96246,2,0,P|190:339|154:361,1,50
404,65,96376,6,0,P|368:94|361:131,1,59.9999981689454,0|0,0:0|0:0,0:0:0:0:
295,81,96507,2,0,P|283:125|298:159,1,59.9999981689454,0|0,0:0|0:0,0:0:0:0:
211,158,96637,2,0,P|222:190|242:205,1,42.5000008106232
44,58,96768,6,0,B|28:20|-4:19|-4:19|61:0|124:16|122:121,1,225.000008583069
106,232,97028,6,0,B|81:231|67:251|67:251|12:246|12:246|0:188|48:130,1,200
190,49,97224,1,0,0:0:0:0:
200,65,97289,2,0,P|179:159|151:179,1,100
103,357,97420,1,0,0:0:0:0:
271,384,97550,6,0,P|221:330|183:326,1,85.0000016212464
325,318,97681,2,0,P|301:247|267:219,1,85.0000016212464
404,287,97811,2,0,P|405:189|375:165,1,85.0000016212464
429,202,98072,6,0,P|457:149|461:74,1,85.0000016212464
300,227,98203,2,0,P|271:160|231:137,1,85.0000016212464
211,310,98333,2,0,P|158:265|114:267,1,85.0000016212464
151,239,98594,6,0,P|99:207|61:217,1,85.0000016212464
280,131,98725,2,0,P|275:72|239:34,1,85.0000016212464
446,116,98855,2,0,P|474:79|465:-1,1,85.0000016212464
193,8,98985,1,0,0:0:0:0:
19,131,99115,6,0,B|25:104|2:73|2:73|95:66|114:168,1,179.999994506836
64,229,99376,1,0,0:0:0:0:
214,118,99507,2,0,P|182:165|182:207,1,59.9999981689454
75,244,99637,2,0,P|107:291|107:333,1,59.9999981689454
288,203,99768,1,0,0:0:0:0:
322,372,99898,2,0,B|336:315|306:280|306:280|265:238|305:152,1,179.999994506836
25,351,100159,6,0,P|132:334|234:386,1,225.000008583069
252,384,100420,1,0,0:0:0:0:
345,97,100550,2,0,P|341:39|308:86,1,150.000005722046
261,290,100811,1,0,0:0:0:0:
471,286,100942,6,0,B|491:269|491:269|479:169,1,75.0000028610231
245,11,101072,2,0,B|221:23|221:23|210:123,1,75.0000028610231
506,93,101202,6,0,B|411:103|411:103|369:222|369:222|181:242,1,314.999990386963
154,94,101463,2,0,B|132:-13|132:-13|259:15|259:15,1,225.000008583069
178,288,101724,6,0,B|159:304|159:304|54:292,1,89.9999972534181
2,173,101855,2,0,L|122:163,1,89.9999972534181
236,141,101985,1,0,0:0:0:0:
236,147,102115,1,0,0:0:0:0:
63,301,102245,6,0,B|82:317|82:317|187:305,1,89.9999972534181
239,220,102376,2,0,L|119:210,1,80
2,173,102507,1,0,0:0:0:0:
5,185,102637,1,0,0:0:0:0:
185,347,102767,6,0,B|166:363|166:363|61:351,1,80
36,264,102898,2,0,L|156:254,1,69.9999978637696
239,220,103029,1,0,0:0:0:0:
236,235,103159,1,0,0:0:0:0:
503,202,103289,5,0,0:0:0:0:
436,60,103420,1,0,0:0:0:0:
296,129,103550,1,0,0:0:0:0:
365,269,103681,1,0,0:0:0:0:
278,13,103811,6,0,B|272:54|272:54|277:59|277:59|266:148,1,89.9999972534181
189,5,103942,2,0,B|184:45|184:45|188:51|188:51|183:92,1,89.9999972534181
158,195,104072,1,0,0:0:0:0:
141,193,104137,1,0,0:0:0:0:
111,181,104202,1,0,0:0:0:0:
75,122,104268,1,0,0:0:0:0:
20,39,104333,5,0,0:0:0:0:
58,93,104398,1,0,0:0:0:0:
22,125,104463,1,0,0:0:0:0:
29,158,104528,1,0,0:0:0:0:
14,172,104594,1,0,0:0:0:0:
19,197,104659,1,0,0:0:0:0:
6,216,104724,1,0,0:0:0:0:
9,231,104789,1,0,0:0:0:0:
0,309,104855,5,0,0:0:0:0:
0,309,104920,1,0,0:0:0:0:
0,309,104985,1,0,0:0:0:0:
0,309,105050,1,0,0:0:0:0:
0,309,105115,2,0,B|72:302|72:302|91:268|91:268|89:263|89:263|102:238|102:238|212:224,1,209.999993591309
468,318,105376,6,0,B|523:267|468:177|468:177|372:215|402:316,1,300
249,156,105637,2,0,B|194:105|249:15|249:15|345:53|315:154,1,300
312,331,105898,6,0,L|304:380,14,50
260,176,106420,6,0,B|183:160|151:257|151:257|109:351|-19:298,1,314.999990386963
23,87,106681,2,0,B|111:80|145:167|145:167|166:261|264:255,1,314.999990386963
392,199,106942,6,0,P|410:205|376:210,1,112.500004291535
388,183,107202,6,0,P|419:193|360:201,1,194.999991073609
348,78,107463,5,0,0:0:0:0:
394,84,107528,1,0,0:0:0:0:
438,103,107593,1,0,0:0:0:0:
471,349,107724,1,0,0:0:0:0:
210,56,107855,5,0,0:0:0:0:
249,83,107920,1,0,0:0:0:0:
266,127,107985,1,0,0:0:0:0:
232,273,108115,1,0,0:0:0:0:
117,0,108246,5,0,0:0:0:0:
123,37,108311,1,0,0:0:0:0:
107,74,108376,1,0,0:0:0:0:
0,170,108507,5,0,0:0:0:0:
32,155,108572,1,0,0:0:0:0:
68,150,108637,1,0,0:0:0:0:
103,155,108702,1,0,0:0:0:0:
136,169,108767,1,0,0:0:0:0:
164,190,108833,1,0,0:0:0:0:
186,219,108898,1,0,0:0:0:0:
199,252,108963,1,0,0:0:0:0:
203,288,109028,2,0,B|208:369|208:369|252:297,1,150
297,207,109289,6,0,B|297:156|297:156|338:209,1,100
421,259,109420,2,0,B|421:310|421:310|462:257,1,100
512,176,109550,5,0,0:0:0:0:
473,296,117898,6,0,P|378:288|325:340,1,150.000005722046
208,231,118289,1,0,0:0:0:0:
208,231,118419,2,0,P|238:232|279:270,1,75.0000028610231
195,373,118681,6,0,P|182:300|207:230,1,150.000005722046
172,144,119072,1,0,0:0:0:0:
172,144,119202,2,0,P|134:146|102:172,1,75.0000028610231
93,305,119463,1,0,0:0:0:0:
17,203,119594,6,0,L|6:149,1,37.5000014305115
68,103,119724,1,0,0:0:0:0:
70,84,119789,1,0,0:0:0:0:
72,65,119854,1,0,0:0:0:0:
154,10,119985,6,0,P|207:51|321:45,1,150.000005722046
416,14,120376,1,0,0:0:0:0:
416,14,120507,2,0,P|387:68|390:115,1,75.0000028610231
438,155,120768,6,0,P|445:76|394:-7,1,150.000005722046
340,186,121159,1,0,0:0:0:0:
340,186,121289,2,0,P|401:229|428:227,1,75.0000028610231
510,240,121550,6,0,P|451:259|395:353,1,150.000005722046
308,378,121942,1,0,0:0:0:0:
256,192,122072,12,0,125137,0:0:0:0:
179,29,125202,5,0,0:0:0:0:
351,151,125333,1,0,0:0:0:0:
161,151,125463,5,0,0:0:0:0:
333,29,125594,1,0,0:0:0:0:
256,256,125724,5,0,0:0:0:0:
256,128,125855,1,0,0:0:0:0:
309,340,125985,5,0,0:0:0:0:
283,336,126050,1,0,0:0:0:0:
257,332,126115,1,0,0:0:0:0:
231,328,126180,1,0,0:0:0:0:
199,321,126246,6,0,P|111:337|45:385,1,150.000005722046
21,192,126637,1,0,0:0:0:0:
21,192,126768,2,0,P|44:255|34:296,1,75.0000028610231
153,171,127028,2,0,P|80:204|38:285,1,150.000005722046
232,111,127420,1,0,0:0:0:0:
232,111,127550,2,0,P|167:76|141:78,1,75.0000028610231
75,10,127811,2,0,P|45:62|19:76,1,75.0000028610231
341,64,128072,5,0,0:0:0:0:
367,62,128137,1,0,0:0:0:0:
393,59,128202,1,0,0:0:0:0:
419,56,128267,1,0,0:0:0:0:
445,53,128333,2,0,L|434:168,1,110.000003356934
416,314,128594,1,0,0:0:0:0:
257,16,128724,6,0,L|268:131,1,110.000003356934
286,277,128985,1,0,0:0:0:0:
512,170,129115,1,0,0:0:0:0:
309,198,129246,1,0,0:0:0:0:
423,187,129376,5,0,0:0:0:0:
484,252,129507,1,0,0:0:0:0:
512,170,129637,1,0,0:0:0:0:
310,280,129768,5,0,0:0:0:0:
371,345,129899,1,0,0:0:0:0:
399,263,130029,1,0,0:0:0:0:
247,227,130159,5,0,0:0:0:0:
236,241,130224,1,0,0:0:0:0:
230,259,130289,1,0,0:0:0:0:
227,277,130354,1,0,0:0:0:0:
229,296,130420,6,0,B|182:296|151:330|151:330|117:372|63:350,1,170.000003242493
14,241,130811,1,0,0:0:0:0:
14,241,130942,2,0,P|62:249|93:305,1,85.0000016212464
210,125,131202,2,0,P|167:174|179:286,1,170.000003242493
22,99,131594,1,0,0:0:0:0:
22,99,131724,2,0,P|87:100|115:76,1,85.0000016212464
176,16,131985,2,0,P|214:0|255:7,1,85.0000016212464
497,129,132246,5,0,0:0:0:0:
497,129,132311,1,0,0:0:0:0:
497,129,132376,1,0,0:0:0:0:
497,129,132442,1,0,0:0:0:0:
497,129,132507,2,0,L|485:295,1,119.999996337891
398,384,132768,1,0,0:0:0:0:
351,158,132898,5,0,0:0:0:0:
351,158,133028,1,0,0:0:0:0:
272,365,133159,1,0,0:0:0:0:
358,71,133289,5,0,0:0:0:0:
277,267,133420,1,0,0:0:0:0:
504,184,133550,5,0,0:0:0:0:
270,90,133681,1,0,0:0:0:0:
270,90,133811,1,0,0:0:0:0:
456,315,133942,5,0,0:0:0:0:
261,187,134072,2,0,L|196:178,1,59.9999981689454
131,239,134202,1,0,0:0:0:0:
131,239,134268,1,0,0:0:0:0:
131,239,134333,2,0,L|66:230,1,59.9999981689454
5,283,134463,5,0,0:0:0:0:
5,283,134528,1,0,0:0:0:0:
5,283,134594,1,0,0:0:0:0:
84,306,134855,1,0,0:0:0:0:
131,239,135115,1,0,0:0:0:0:
81,173,135376,1,0,0:0:0:0:
484,178,135637,5,0,0:0:0:0:
405,201,135898,1,0,0:0:0:0:
358,134,136158,1,0,0:0:0:0:
408,68,136419,1,0,0:0:0:0:
340,19,136681,5,0,0:0:0:0:
281,74,136942,1,0,0:0:0:0:
251,149,137202,1,0,0:0:0:0:
272,221,137463,1,0,0:0:0:0:
172,165,137724,5,0,0:0:0:0:
231,220,137985,1,0,0:0:0:0:
261,295,138245,1,0,0:0:0:0:
240,367,138506,1,0,0:0:0:0:
348,368,138768,6,0,L|455:361,1,100
241,311,139028,2,0,L|141:304,1,100
364,246,139289,2,0,L|463:239,1,100
268,134,139550,1,0,0:0:0:0:
268,134,139615,1,0,0:0:0:0:
268,134,139681,1,0,0:0:0:0:
268,134,139746,1,0,0:0:0:0:
268,134,139811,6,0,L|254:260,1,119.999996337891
402,58,140072,2,0,L|416:177,1,119.999996337891
157,0,140333,2,0,L|104:117,1,119.999996337891
369,306,140594,6,0,L|439:290,1,59.9999981689454
89,234,140724,2,0,L|41:182,1,59.9999981689454
33,361,140855,5,0,0:0:0:0:
65,376,140920,1,0,0:0:0:0:
102,384,140985,1,0,0:0:0:0:
139,382,141050,1,0,0:0:0:0:
173,369,141115,1,0,0:0:0:0:
202,347,141181,1,0,0:0:0:0:
226,318,141246,1,0,0:0:0:0:
240,284,141311,1,0,0:0:0:0:
245,247,141376,5,0,0:0:0:0:
233,195,141441,1,0,0:0:0:0:
245,144,141506,1,0,0:0:0:0:
278,102,141571,1,0,0:0:0:0:
329,77,141636,5,0,0:0:0:0:
386,77,141702,1,0,0:0:0:0:
439,101,141767,1,0,0:0:0:0:
475,145,141832,1,0,0:0:0:0:
489,202,141898,5,0,0:0:0:0:
470,282,142028,1,0,0:0:0:0:
445,365,142159,1,0,0:0:0:0:
361,349,142289,1,0,0:0:0:0:
275,336,142420,6,0,L|170:346,1,82.5000025177003
8,216,142681,6,0,L|97:225,1,75.0000028610231
20,130,142811,2,0,L|109:139,1,75.0000028610231
149,37,142942,6,0,B|191:64|191:64|169:237,1,165.000001573563
69,372,143137,1,0,0:0:0:0:
43,357,143203,2,0,B|15:324|15:324|33:277,1,82.5000007867813
159,263,143333,2,0,B|187:296|187:296|169:343,1,82.5000007867813
68,198,143463,6,0,B|132:172|174:228|174:228|216:296|297:268,1,232.500001773834
283,122,143724,2,0,P|253:198|271:217,1,77.5000005912781
342,228,143855,2,0,P|372:152|354:133,1,77.5000005912781
286,342,143985,6,0,B|314:360|314:360|442:338,1,145.000004425049
505,85,144181,1,0,0:0:0:0:
485,70,144246,2,0,B|461:58|461:58|374:69,1,77.5000005912781
419,187,144376,2,0,B|443:199|443:199|530:188,1,77.5000005912781
351,5,144507,6,0,P|272:44|269:76,1,82.5000007867813
293,268,144637,2,0,P|350:281|390:257,1,82.5000007867813
199,3,144768,6,0,B|150:-10|150:-10|106:13,1,92.4999996471405
133,323,144898,2,0,B|182:336|182:336|226:313,1,92.4999996471405
0,149,145028,6,0,P|98:163|165:274,1,165.000001573563
302,151,145224,1,0,0:0:0:0:
283,175,145289,2,0,P|270:266|286:288,1,82.5000007867813
79,276,145420,2,0,P|155:317|164:342,1,82.5000007867813
250,365,145550,6,0,B|326:357|326:357|361:272|361:272|471:262,1,232.500001773834
512,317,145811,2,0,B|497:338|497:338|403:344,1,77.5000005912781
512,204,145942,2,0,B|494:184|494:184|400:188,1,77.5000005912781
358,192,146072,6,0,B|345:148|374:120|374:120|408:95|396:-5,1,145.000004425049
302,17,146268,1,0,0:0:0:0:
302,17,146333,2,0,B|273:22|257:35|257:35|277:42|316:33,1,77.5000005912781
480,82,146463,2,0,B|509:87|525:100|525:100|505:107|466:98,1,77.5000005912781
181,164,146594,6,0,B|161:150|161:150|154:84,1,82.5000007867813
423,254,146724,2,0,B|443:240|443:240|450:174,1,82.5000007867813
101,283,146855,6,0,P|192:249|205:220,1,92.4999996471405
456,373,146985,2,0,P|390:336|375:297,1,92.4999996471405
278,40,147115,6,0,B|313:15|313:15|302:160,1,165.000001573563
287,251,147311,1,0,0:0:0:0:
262,265,147376,2,0,B|217:275|217:275|163:245,1,82.5000007867813
128,125,147507,2,0,B|83:115|83:115|29:145,1,82.5000007867813
0,262,147637,6,0,B|72:255|92:324|92:324|115:382|221:351,1,232.500001773834
222,193,147898,2,0,P|188:282|205:311,1,77.5000005912781
346,384,148028,2,0,P|312:295|329:266,1,77.5000005912781
361,147,148159,6,0,B|324:126|324:126|340:274,1,145.000004425049
442,285,148355,5,0,0:0:0:0:
462,272,148420,2,0,L|473:176,1,77.5000005912781
495,25,148550,2,0,L|487:102,1,77.5000005912781
355,252,148681,6,0,P|316:259|279:242,1,82.5000007867813
377,66,148811,2,0,P|340:49|301:57,1,82.5000007867813
211,285,148942,6,0,B|172:291|172:291|124:268,1,92.4999996471405
225,8,149072,2,0,B|187:2|187:2|139:25,1,92.4999996471405
0,122,149202,6,0,B|12:60|12:60|134:89|71:225,1,247.500002360344
2,297,149463,2,0,P|69:348|64:375,1,82.5000007867813
222,178,149594,2,0,P|169:233|175:269,1,82.5000007867813
165,358,149724,6,0,B|259:364|259:364|308:298|308:298|455:307,1,247.500002360344
416,280,149985,1,0,0:0:0:0:
409,306,150072,1,0,0:0:0:0:
403,328,150159,1,0,0:0:0:0:
492,300,150246,6,0,B|520:243|457:198|457:198|399:149|458:59,1,247.500002360344
307,1,150507,2,0,P|345:74|339:111,1,82.5000007867813
201,78,150637,2,0,P|254:108|277:143,1,82.5000007867813
144,332,150768,6,0,L|150:364,5,33.3333333333333
131,313,151028,2,0,P|169:240|163:203,1,82.5000007867813
25,236,151158,2,0,P|78:206|101:171,1,82.5000007867813
26,64,151289,5,0,0:0:0:0:
232,314,151420,1,0,0:0:0:0:
206,6,151550,1,0,0:0:0:0:
12,256,151681,1,0,0:0:0:0:
343,140,151811,2,0,B|310:89|310:89|203:132|271:259,1,232.500001773834
501,318,152072,2,0,P|465:272|422:273,1,77.5000005912781
432,180,152203,2,0,P|396:195|372:234,1,77.5000005912781
263,376,152333,6,0,B|302:387|302:387|408:330,1,145.000004425049
142,299,152528,1,0,0:0:0:0:
122,303,152594,2,0,B|98:339|98:339|108:395,1,77.5000005912781
247,248,152724,2,8,B|227:209|227:209|174:189,1,77.5000005912781,0|0,0:0|0:0,0:0:0:0:
71,210,152855,6,0,P|10:242|-35:225,1,82.5000007867813
5,52,152985,2,0,P|42:96|20:159,1,82.5000007867813
195,197,153115,6,0,B|216:209|216:209|302:197,1,92.4999996471405
266,3,153246,2,0,B|240:2|240:2|224:106,1,92.4999996471405
441,57,153376,6,0,B|447:29|474:14|474:14|395:8|372:142,1,165.000001573563
401,202,153572,1,0,0:0:0:0:
426,218,153637,2,0,P|448:189|424:131,1,82.5000007867813
331,128,153768,2,0,P|309:157|333:215,1,82.5000007867813
380,311,153898,6,0,B|345:360|345:360|223:369|223:369|176:312,1,232.500001773834
208,194,154159,2,0,B|234:227|234:227|213:286,1,77.5000005912781
134,278,154289,2,0,B|108:245|108:245|129:186,1,77.5000005912781
170,116,154420,6,0,P|138:72|37:93,1,145.000004425049
14,222,154615,1,0,0:0:0:0:
4,240,154681,2,0,P|-6:204|7:169,1,77.5000005912781
100,168,154811,2,0,P|111:204|98:240,1,77.5000005912781
208,370,154942,6,0,B|182:337|182:337|203:278,1,82.5000007867813
287,286,155072,2,0,B|313:319|313:319|292:378,1,82.5000007867813
363,101,155202,6,0,P|362:27|378:13,1,92.4999996471405
474,31,155333,2,0,P|475:105|459:119,1,92.4999996471405
400,328,155463,6,0,P|324:343|297:390,1,129.999994049073
98,272,155659,2,0,P|173:287|201:334,1,129.999994049073
510,264,155855,2,0,P|434:227|383:246,1,129.999994049073
13,231,156051,2,0,P|78:174|123:167,1,129.999994049073
369,122,156246,6,0,P|319:171|308:227,1,129.999994049073
148,51,156442,2,0,P|197:111|203:160,1,129.999994049073
487,5,156637,2,0,P|420:0|367:31,1,129.999994049073
29,20,156833,2,0,P|103:20|156:61,1,129.999994049073
358,105,157028,6,0,P|308:154|296:210,1,129.999994049073
148,214,157224,2,0,P|197:263|209:319,1,129.999994049073
362,328,157420,2,0,P|332:364|327:394,1,64.9999970245363
154,373,157550,5,0,0:0:0:0:
68,351,157615,1,0,0:0:0:0:
28,298,157681,1,0,0:0:0:0:
22,254,157746,1,0,0:0:0:0:
29,224,157811,1,0,0:0:0:0:
45,200,157876,1,0,0:0:0:0:
66,187,157942,1,0,0:0:0:0:
88,182,158007,1,0,0:0:0:0:
148,214,158072,5,0,0:0:0:0:
165,215,158137,1,0,0:0:0:0:
183,217,158202,1,0,0:0:0:0:
201,219,158267,1,0,0:0:0:0:
266,173,158333,5,0,0:0:0:0:
274,172,158398,1,0,0:0:0:0:
283,171,158463,1,0,0:0:0:0:
294,169,158528,1,0,0:0:0:0:
372,201,158594,5,0,0:0:0:0:
367,114,158724,1,0,0:0:0:0:
367,114,158789,1,0,0:0:0:0:
367,114,158855,1,0,0:0:0:0:
481,178,158985,5,0,0:0:0:0:
480,187,159050,1,0,0:0:0:0:
479,196,159115,1,0,0:0:0:0:
478,205,159180,1,0,0:0:0:0:
478,214,159245,1,0,0:0:0:0:
477,224,159311,1,0,0:0:0:0:
476,233,159376,1,0,0:0:0:0:
475,242,159441,1,0,0:0:0:0:
475,251,159506,1,0,0:0:0:0:
474,260,159571,1,0,0:0:0:0:
473,270,159637,6,0,B|456:302|456:302|373:298,1,97.4999955368044
325,213,159898,5,0,0:0:0:0:
308,261,159963,1,0,0:0:0:0:
275,229,160028,1,0,0:0:0:0:
283,281,160094,1,0,0:0:0:0:
241,271,160159,5,0,0:0:0:0:
130,351,160420,5,0,0:0:0:0:
120,349,160485,1,0,0:0:0:0:
111,347,160550,1,0,0:0:0:0:
102,346,160615,1,0,0:0:0:0:
83,270,160681,5,0,0:0:0:0:
73,272,160746,1,0,0:0:0:0:
64,274,160811,1,0,0:0:0:0:
55,275,160876,1,0,0:0:0:0:
114,197,160942,5,0,0:0:0:0:
104,195,161007,1,0,0:0:0:0:
95,193,161072,1,0,0:0:0:0:
86,192,161137,1,0,0:0:0:0:
67,116,161203,5,0,0:0:0:0:
57,118,161268,1,0,0:0:0:0:
48,120,161333,1,0,0:0:0:0:
39,121,161398,1,0,0:0:0:0:
29,123,161463,5,0,0:0:0:0:
72,159,161528,1,0,0:0:0:0:
128,160,161593,1,0,0:0:0:0:
172,124,161658,1,0,0:0:0:0:
152,56,161724,5,0,0:0:0:0:
194,47,161789,1,0,0:0:0:0:
148,40,161855,1,0,0:0:0:0:
190,31,161920,1,0,0:0:0:0:
185,13,161985,6,0,B|143:9|143:9|89:47,1,82.5000007867813
368,153,162115,2,0,B|396:142|396:142|433:-4,1,165.000001573563
12,112,162376,5,0,0:0:0:0:
190,236,162507,2,0,B|275:233|275:233|312:274|312:274|425:269,1,247.500002360344
444,252,162768,2,0,L|438:192,1,37.5000014305115
384,86,162898,6,0,P|399:32|484:7,1,100
299,116,163028,2,0,P|278:52|297:-1,1,100
275,285,163159,6,0,P|290:339|375:364,1,100
190,255,163289,2,0,P|169:319|188:372,1,100
93,152,163420,6,0,P|108:98|171:60,1,100
14,190,163550,2,0,P|-7:126|12:73,1,100
0,354,163681,1,0,0:0:0:0:
170,183,163811,6,0,B|197:161|226:155|226:155|196:154|169:135,1,112.500004291535
301,333,164072,6,0,B|291:283|318:216|318:216|282:282|202:291,1,225.000008583069
512,351,164333,6,0,B|449:337|424:236|424:236|437:334|363:421,1,300
454,136,164594,5,0,0:0:0:0:
460,145,164659,1,0,0:0:0:0:
467,155,164724,1,0,0:0:0:0:
474,165,164789,1,0,0:0:0:0:
373,148,164855,5,0,0:0:0:0:
368,158,164920,1,0,0:0:0:0:
364,170,164985,1,0,0:0:0:0:
359,181,165050,1,0,0:0:0:0:
478,60,165115,5,0,0:0:0:0:
488,65,165180,1,0,0:0:0:0:
500,69,165245,1,0,0:0:0:0:
511,74,165310,1,0,0:0:0:0:
333,78,165376,5,0,0:0:0:0:
324,85,165441,1,0,0:0:0:0:
313,91,165506,1,0,0:0:0:0:
303,99,165571,1,0,0:0:0:0:
401,35,165637,5,0,0:0:0:0:
382,22,165702,1,0,0:0:0:0:
388,1,165768,1,0,0:0:0:0:
410,0,165833,1,0,0:0:0:0:
416,20,165898,6,0,B|407:86|407:86|412:96|412:96|396:204,1,162.500004649162
303,99,166028,2,0,B|296:143|296:143|300:152|300:152|286:253,1,82.5000007867813
105,70,166159,6,0,L|37:63,1,41.2500003933907
96,88,166224,2,0,L|28:81,1,41.2500003933907
86,110,166289,2,0,B|41:103|41:103|32:107|32:107|-68:93,1,82.5000007867813
120,220,166420,2,0,B|75:213|75:213|66:217|66:217|-34:203,1,82.5000007867813
151,6,166550,2,0,B|106:0|106:0|97:3|97:3|-3:-10,1,82.5000007867813
261,213,166681,6,0,B|240:113|240:113|179:80,1,147.500004782677
96,223,166811,2,0,L|145:219,1,41.2500003933907
92,239,166876,2,0,L|141:235,1,41.2500003933907
87,255,166942,2,0,B|92:295|92:295|142:317,1,82.5000007867813
300,384,167072,2,0,B|330:358|330:358|322:304,1,82.5000007867813
352,116,167202,2,8,B|314:102|314:102|271:136,1,82.5000007867813,0|0,0:0|0:0,0:0:0:0:
191,379,167333,1,0,0:0:0:0:
508,153,167463,6,0,B|435:164|435:164|401:295|401:295|247:313,1,292.500001115799
281,128,167724,2,0,B|342:118|342:118|410:235|410:235|539:219,1,269.999991760254
49,197,167985,6,0,B|26:156|26:156|50:11|50:11|147:27,1,247.500002360344
162,206,168246,1,0,0:0:0:0:
206,163,168311,1,0,0:0:0:0:
150,158,168376,1,0,0:0:0:0:
168,118,168442,1,0,0:0:0:0:
113,126,168507,5,0,0:0:0:0:
11,265,168768,5,0,0:0:0:0:
12,274,168833,1,0,0:0:0:0:
13,284,168898,1,0,0:0:0:0:
14,295,168963,1,0,0:0:0:0:
101,312,169028,5,0,0:0:0:0:
99,323,169093,1,0,0:0:0:0:
98,333,169158,1,0,0:0:0:0:
96,345,169223,1,0,0:0:0:0:
183,282,169289,5,0,0:0:0:0:
184,291,169354,1,0,0:0:0:0:
185,301,169419,1,0,0:0:0:0:
186,312,169484,1,0,0:0:0:0:
273,329,169550,5,0,0:0:0:0:
271,340,169615,1,0,0:0:0:0:
270,350,169681,1,0,0:0:0:0:
268,362,169746,1,0,0:0:0:0:
269,369,169811,5,0,0:0:0:0:
323,384,169876,1,0,0:0:0:0:
373,359,169941,1,0,0:0:0:0:
392,306,170006,1,0,0:0:0:0:
390,226,170072,5,0,0:0:0:0:
431,233,170137,1,0,0:0:0:0:
404,210,170202,1,0,0:0:0:0:
438,220,170268,1,0,0:0:0:0:
448,206,170333,6,0,B|442:184|442:184|343:161,1,82.5000007867813
226,238,170463,2,0,B|212:259|212:259|258:332|258:332|444:295,1,247.500002360344
512,113,170724,5,0,0:0:0:0:
346,18,170855,2,0,B|260:-1|260:-1|291:227,1,247.500002360344
284,167,171115,6,0,L|340:162,1,37.5000014305115
71,171,171246,6,0,P|1:129|0:75,1,92.4999996471405
91,86,171376,2,0,P|57:11|87:-33,1,92.4999996471405
220,264,171507,6,0,P|218:345|172:373,1,82.5000007867813
143,289,171637,2,0,P|95:355|41:351,1,82.5000007867813
227,113,171768,6,0,P|291:77|334:100,1,72.5000022125245
284,167,171898,2,0,P|357:174|379:218,1,72.5000022125245
158,167,172028,1,0,0:0:0:0:
423,12,172159,6,0,B|494:-3|494:-3|478:144,1,165.000001573563
420,142,172355,1,0,0:0:0:0:
403,156,172420,2,0,L|286:135,1,82.5000007867813
301,228,172550,2,0,B|286:299|286:299|433:283,1,165.000001573563
445,247,172746,1,0,0:0:0:0:
461,263,172811,2,0,L|482:380,1,82.5000007867813
258,377,172942,5,0,0:0:0:0:
216,373,173007,1,0,0:0:0:0:
175,370,173072,1,0,0:0:0:0:
134,366,173137,1,0,0:0:0:0:
93,363,173202,6,0,P|-1:323|83:253,1,184.999999294281
97,160,173398,1,0,0:0:0:0:
130,187,173463,2,0,L|119:293,1,92.4999996471405
77,86,173594,2,0,P|-17:126|67:196,1,184.999999294281
237,271,173790,1,0,0:0:0:0:
259,247,173855,2,0,L|248:141,1,92.4999996471405
196,46,173985,5,0,0:0:0:0:
251,41,174050,1,0,0:0:0:0:
306,36,174115,1,0,0:0:0:0:
361,31,174180,1,0,0:0:0:0:
428,53,174246,6,0,B|436:8|436:8|542:25|536:118|468:202,1,205.000003128052
436,203,174442,1,0,0:0:0:0:
415,233,174507,2,0,L|292:203,1,102.500001564026
97,160,174637,6,0,B|89:115|89:115|-17:132|-11:225|57:309,1,205.000003128052
108,355,174833,1,0,0:0:0:0:
130,384,174898,2,0,L|253:354,1,102.500001564026
325,279,175028,5,0,0:0:0:0:
315,208,175093,1,0,0:0:0:0:
307,139,175158,1,0,0:0:0:0:
300,69,175223,1,0,0:0:0:0:
235,19,175289,6,0,B|292:1|292:1|354:42|354:42|289:79|289:79|219:47|219:47|75:32|75:32|46:42|46:42|27:60|27:60|16:79|16:79|12:118|12:118|17:136|17:136|33:158|33:158|56:174|56:174|150:185|150:185|190:201|190:201|205:216|205:216|219:245|219:245|219:281|219:281|206:313|206:313|188:331|188:331|156:340|156:340|73:329,1,962.500009179115
11,365,176072,5,0,0:0:0:0:
11,365,176137,1,0,0:0:0:0:
11,365,176202,1,0,0:0:0:0:
11,365,176268,1,0,0:0:0:0:
11,365,176333,2,0,B|-15:286|-15:286|26:275|26:275|34:277|34:277|90:259|90:259|83:351|83:351|126:354|126:354|131:359|131:359|172:366|172:366|168:288|168:288|208:296|208:296|209:300|209:300|266:313|266:313|244:373|244:373|362:391,1,700
434,269,176855,6,0,L|426:350,1,59.9999981689454
360,261,176985,2,0,L|355:321,1,59.9999981689454
301,85,177115,6,0,L|290:-18,1,75.0000028610231
216,95,177245,2,0,L|209:18,1,75.0000028610231
437,125,177376,6,0,L|477:121,1,25
467,379,177507,2,0,L|507:375,1,25
310,158,177637,6,0,L|334:160,1,25
355,321,177768,2,0,L|383:315,1,25
216,95,177898,6,0,L|256:91,1,25
186,350,178029,2,0,L|226:346,1,25
66,117,178159,6,0,L|90:119,1,25
94,294,178290,2,0,L|121:289,1,25
8,47,178420,6,0,L|40:38,1,25
91,114,178550,2,0,L|126:120,1,25
124,205,178681,2,0,L|153:222,1,25
95,289,178811,2,0,L|108:333,1,25
223,164,178942,6,0,L|249:172,1,25
240,244,179072,2,0,L|262:264,1,25
213,318,179203,2,0,L|225:343,1,25
173,356,179333,2,0,L|161:393,1,25
13,377,179463,6,0,B|70:365|70:365|101:238|101:238|209:218,1,240
304,305,179724,6,0,L|313:384,1,80
292,107,179855,2,0,B|389:70|389:70|362:236,1,240
223,164,180115,5,0,0:0:0:0:
436,293,180246,2,0,B|486:321|486:321|538:221,1,110.000003356934
512,25,180376,5,0,0:0:0:0:
512,25,180442,1,0,0:0:0:0:
512,25,180507,2,0,B|454:18|454:18|446:12|446:12|395:11|395:11|367:63|367:63|325:40|325:40|263:32|263:32|253:36|253:36|147:21|147:21|98:95|98:95|138:171|138:171|227:159,1,629.999980773926
269,135,181028,6,0,L|352:126,1,59.9999981689454
277,211,181159,2,0,L|360:202,1,59.9999981689454
92,242,181289,6,0,L|9:233,1,80
80,332,181420,2,0,L|-3:323,1,80
227,368,181550,6,0,L|181:373,1,25
191,93,181681,2,0,L|166:95,1,25
325,313,181811,6,0,L|279:318,1,25
353,133,181942,2,0,L|322:127,1,25
440,371,182072,5,0,0:0:0:0:
504,310,182159,1,0,0:0:0:0:
473,226,182246,1,0,0:0:0:0:
371,207,182333,5,0,0:0:0:0:
307,146,182420,1,0,0:0:0:0:
338,62,182507,1,0,0:0:0:0:
430,6,182594,5,0,0:0:0:0:
256,192,182659,12,0,183572,0:0:0:0:
435,55,183637,6,0,L|429:5,1,50
343,136,183768,2,0,L|333:269,1,110.000003356934
103,150,184028,6,0,L|108:94,1,55.0000016784668
193,228,184159,2,0,L|203:361,1,110.000003356934
374,378,184420,1,0,0:0:0:0:
392,365,184485,1,0,0:0:0:0:
410,352,184550,1,0,0:0:0:0:
428,340,184615,1,0,0:0:0:0:
446,327,184681,6,0,L|441:203,1,110.000003356934
248,96,184942,1,0,0:0:0:0:
299,384,185072,6,0,L|294:260,1,110.000003356934
101,153,185333,1,0,0:0:0:0:
11,346,185463,2,0,L|135:341,1,110.000003356934
184,240,185724,6,0,L|74:244,1,110.000003356934
316,136,185985,1,0,0:0:0:0:
122,139,186115,6,0,L|12:143,1,110.000003356934
254,35,186376,1,0,0:0:0:0:
328,213,186507,2,0,L|332:322,1,110.000003356934
228,384,186768,6,0,L|223:274,1,110.000003356934
314,126,187028,1,0,0:0:0:0:
417,338,187159,6,0,L|412:228,1,110.000003356934
503,80,187419,1,0,0:0:0:0:
336,19,187550,2,0,L|226:23,1,110.000003356934
314,126,187811,6,0,L|204:130,1,110.000003356934
71,0,188072,1,0,0:0:0:0:
278,235,188202,6,0,L|168:239,1,110.000003356934
35,109,188463,1,0,0:0:0:0:
38,377,188594,1,0,0:0:0:0:
76,371,188659,1,0,0:0:0:0:
114,366,188724,1,0,0:0:0:0:
152,360,188789,1,0,0:0:0:0:
190,355,188855,6,0,L|322:352,1,110.000003356934
481,167,189115,1,0,0:0:0:0:
58,241,189246,6,0,L|190:238,1,110.000003356934
374,62,189506,1,0,0:0:0:0:
118,1,189637,2,0,L|121:133,1,110.000003356934
225,172,189898,6,0,L|223:63,1,110.000003356934
13,140,190159,1,0,0:0:0:0:
325,244,190289,6,0,L|322:134,1,110.000003356934
112,211,190550,1,0,0:0:0:0:
457,97,190681,5,0,0:0:0:0:
223,63,190811,1,0,0:0:0:0:
235,328,190942,6,0,L|344:325,1,110.000003356934
494,179,191202,1,0,0:0:0:0:
112,211,191333,6,0,L|221:208,1,110.000003356934
371,62,191593,1,0,0:0:0:0:
81,28,191724,5,0,0:0:0:0:
91,309,191855,1,0,0:0:0:0:
266,133,191985,6,0,L|263:24,1,110.000003356934
501,220,192246,1,0,0:0:0:0:
171,210,192376,6,0,L|145:126,1,55.0000016784668
339,257,192506,2,0,L|364:173,1,55.0000016784668
91,309,192637,5,0,0:0:0:0:
91,309,192702,1,0,0:0:0:0:
91,309,192768,2,0,L|65:225,1,55.0000016784668
259,356,192898,2,0,L|284:272,1,55.0000016784668
0,377,193028,5,0,0:0:0:0:
74,306,193289,1,0,0:0:0:0:
175,292,193550,1,0,0:0:0:0:
264,340,193811,1,0,0:0:0:0:
512,272,194072,5,0,0:0:0:0:
438,201,194333,1,0,0:0:0:0:
337,187,194594,1,0,0:0:0:0:
248,235,194855,1,0,0:0:0:0:
0,214,195115,5,0,0:0:0:0:
71,61,195376,1,0,0:0:0:0:
145,205,195637,1,0,0:0:0:0:
216,52,195898,1,0,0:0:0:0:
501,162,196159,5,0,0:0:0:0:
430,9,196420,1,0,0:0:0:0:
356,153,196681,1,0,0:0:0:0:
285,0,196942,1,0,0:0:0:0:
256,192,197202,12,0,199159,0:0:0:0:
14,356,199289,6,0,P|75:339|80:342,1,50
13,287,199420,2,0,P|61:300|73:316,1,55.0000016784668
67,194,199550,2,0,P|111:234|115:258,1,59.9999981689454
190,152,199681,2,0,P|190:217|170:246,1,64.9999970245363
225,300,199811,6,0,P|272:281|295:247,1,69.9999978637696
379,331,199942,2,0,P|396:284|362:226,1,75.0000028610231
494,218,200072,2,0,P|441:147|389:143,1,80
512,21,200202,2,0,P|432:13|402:41,1,85.0000016212464
280,98,200333,6,0,P|268:56|306:91,1,112.500004291535
313,91,200594,6,0,P|275:47|277:105,1,150
191,17,200855,1,0,0:0:0:0:
110,1,200985,1,0,0:0:0:0:
40,37,201115,2,0,B|79:22|109:56|109:56|152:92|221:57,1,150
310,101,201376,6,0,B|283:10|283:10|252:123|252:123|245:129|245:129|212:245,1,300
368,284,201637,2,0,L|339:179,1,100
424,185,201768,2,0,L|441:250,1,50
506,250,201898,2,0,B|466:255|466:255|452:357|452:357|351:363,1,194.999991073609
393,370,202159,6,0,B|335:371|335:371|315:299|315:299|318:294|318:294|301:236|301:236|210:240,1,269.999991760254
172,309,202420,5,0,0:0:0:0:
150,330,202485,1,0,0:0:0:0:
107,351,202550,1,0,0:0:0:0:
54,346,202615,1,0,0:0:0:0:
9,314,202681,5,0,0:0:0:0:
7,235,202746,1,0,0:0:0:0:
62,176,202811,1,0,0:0:0:0:
140,176,202876,1,0,0:0:0:0:
209,135,202942,5,0,0:0:0:0:
228,109,203007,1,0,0:0:0:0:
227,81,203072,1,0,0:0:0:0:
220,67,203137,1,0,0:0:0:0:
166,16,203202,2,0,B|132:8|132:8|69:64|123:170,1,194.999991073609
263,234,203463,6,0,P|276:208|279:175,1,59.9999981689454
388,162,203594,2,0,P|384:191|371:218,1,59.9999981689454
456,294,203724,2,0,P|469:268|472:235,1,59.9999981689454
454,100,203855,1,0,0:0:0:0:
468,323,203985,6,0,B|400:308|400:308|354:368|354:368|238:347,1,209.999993591309
255,376,204246,2,0,B|223:366|223:366|220:280|220:280|224:273|224:273|221:206|221:206|159:188,1,240
170,208,204507,5,0,0:0:0:0:
99,258,204637,2,0,P|74:206|94:161,1,64.9999970245363
0,155,204768,2,0,P|48:108|82:108,1,64.9999970245363
15,306,204898,1,0,0:0:0:0:
55,16,205028,6,0,P|105:41|118:89,1,75.0000028610231
195,35,205159,2,0,P|185:101|158:122,1,75.0000028610231
229,262,205289,6,0,P|269:221|266:172,1,85.0000016212464
382,175,205420,2,0,P|352:114|320:102,1,85.0000016212464
428,30,205550,6,0,B|515:14|515:14|484:214,1,240
288,358,205811,2,0,B|275:224,1,80
271,175,205942,6,0,B|360:192|360:192|382:262|382:262|520:296,1,240
491,273,206202,1,0,0:0:0:0:
181,222,206333,2,0,B|169:58|169:58|288:100,1,240
156,337,206594,5,0,0:0:0:0:
128,358,206659,1,0,0:0:0:0:
88,366,206724,1,0,0:0:0:0:
37,348,206789,1,0,0:0:0:0:
6,285,206855,5,0,0:0:0:0:
20,222,206920,1,0,0:0:0:0:
75,182,206985,1,0,0:0:0:0:
139,184,207050,1,0,0:0:0:0:
219,149,207115,5,0,0:0:0:0:
222,135,207181,1,0,0:0:0:0:
225,121,207246,1,0,0:0:0:0:
228,107,207311,1,0,0:0:0:0:
233,89,207376,6,0,L|229:9,1,80
318,81,207507,2,0,L|314:1,1,80
491,79,207637,6,0,B|531:147|486:224|486:224|425:231|407:182,1,240
393,115,207898,2,0,B|394:100|410:89|410:89|411:114|387:128,1,59.9999981689454
329,357,208028,6,0,B|369:289|324:212|324:212|263:205|245:254,1,240
222,317,208289,2,0,B|223:332|239:343|239:343|240:318|216:304,1,59.9999981689454
165,208,208420,6,0,B|98:287|135:365|135:365|122:315|61:298,1,240
26,243,208681,2,0,B|-14:175|31:98|31:98|92:91|110:140,1,240
185,305,208942,1,0,0:0:0:0:
218,115,209072,2,0,B|233:114|244:98|244:98|219:97|205:121,1,59.9999981689454
111,23,209202,5,0,0:0:0:0:
116,22,209267,1,0,0:0:0:0:
122,21,209332,1,0,0:0:0:0:
128,20,209397,1,0,0:0:0:0:
134,18,209462,1,0,0:0:0:0:
140,17,209528,1,0,0:0:0:0:
146,16,209593,1,0,0:0:0:0:
152,15,209658,1,0,0:0:0:0:
226,23,209724,6,0,B|269:1|269:1|330:35|330:35|313:130|313:130|306:138|306:138|287:258,1,314.999990386963
475,221,209985,2,0,L|462:128,1,69.9999978637696
385,163,210115,2,0,L|390:200,1,37.5000014305115
498,253,210246,2,0,B|452:260|452:260|423:372|423:372|345:380,1,209.999993591309
274,384,210507,6,0,B|241:334|241:334|291:285|291:285|362:301|362:301|358:382,1,240
163,381,210768,5,0,0:0:0:0:
147,343,210833,1,0,0:0:0:0:
150,295,210898,1,0,0:0:0:0:
184,252,210963,1,0,0:0:0:0:
255,215,211028,5,0,0:0:0:0:
293,137,211094,1,0,0:0:0:0:
282,52,211159,1,0,0:0:0:0:
214,0,211224,1,0,0:0:0:0:
129,8,211289,5,0,0:0:0:0:
96,27,211355,1,0,0:0:0:0:
77,57,211420,1,0,0:0:0:0:
73,86,211485,1,0,0:0:0:0:
112,148,211550,6,0,B|163:163|163:163|219:92|178:0,1,209.999993591309
233,215,211811,6,0,P|293:199|309:204,1,59.9999981689454
115,269,211942,2,0,P|55:253|39:258,1,59.9999981689454
206,334,212072,2,0,P|232:319|261:317,1,59.9999981689454
40,93,212202,1,0,0:0:0:0:
19,221,212333,6,0,B|6:366|6:366|96:350,1,209.999993591309
137,279,212594,2,0,B|118:172|118:172|166:181|166:181|171:184|171:184|250:200,1,240
509,237,212855,5,0,0:0:0:0:
392,299,212985,2,0,L|398:390,1,69.9999978637696
312,304,213115,2,0,L|318:395,1,69.9999978637696
512,75,213246,1,0,0:0:0:0:
237,140,213376,6,0,L|231:231,1,75.0000028610231
140,128,213506,2,0,L|134:219,1,75.0000028610231
387,53,213637,6,0,L|393:144,1,85.0000016212464
489,42,213767,2,0,L|495:133,1,85.0000016212464
201,1,213898,5,0,0:0:0:0:
197,20,214159,1,0,0:0:0:0:
194,40,214420,1,0,0:0:0:0:
191,63,214681,5,0,0:0:0:0:
157,67,214746,1,0,0:0:0:0:
123,72,214811,1,0,0:0:0:0:
90,77,214876,1,0,0:0:0:0:
56,82,214941,5,0,0:0:0:0:
59,108,215202,1,0,0:0:0:0:
61,135,215463,1,0,0:0:0:0:
66,160,215724,5,0,0:0:0:0:
100,164,215789,1,0,0:0:0:0:
134,169,215854,1,0,0:0:0:0:
167,174,215919,1,0,0:0:0:0:
234,247,215985,5,0,0:0:0:0:
242,246,216050,1,0,0:0:0:0:
250,245,216115,1,0,0:0:0:0:
259,244,216180,1,0,0:0:0:0:
267,243,216245,1,0,0:0:0:0:
276,242,216311,1,0,0:0:0:0:
284,242,216376,1,0,0:0:0:0:
293,241,216441,1,0,0:0:0:0:
301,240,216506,1,0,0:0:0:0:
310,239,216571,1,0,0:0:0:0:
318,238,216637,1,0,0:0:0:0:
327,238,216702,1,0,0:0:0:0:
335,237,216767,1,0,0:0:0:0:
343,236,216832,1,0,0:0:0:0:
352,235,216898,1,0,0:0:0:0:
360,234,216963,1,0,0:0:0:0:
369,234,217028,1,0,0:0:0:0:
377,233,217093,1,0,0:0:0:0:
386,232,217158,1,0,0:0:0:0:
394,231,217224,1,0,0:0:0:0:
403,230,217289,1,0,0:0:0:0:
411,229,217354,1,0,0:0:0:0:
420,229,217419,1,0,0:0:0:0:
428,228,217485,1,0,0:0:0:0:
437,227,217550,1,0,0:0:0:0:
445,226,217615,1,0,0:0:0:0:
453,225,217680,1,0,0:0:0:0:
462,225,217745,1,0,0:0:0:0:
470,224,217811,1,0,0:0:0:0:
479,223,217876,1,0,0:0:0:0:
487,222,217941,1,0,0:0:0:0:
496,221,218007,1,0,0:0:0:0:
509,220,218072,5,0,0:0:0:0:
458,205,218137,1,0,0:0:0:0:
407,219,218202,1,0,0:0:0:0:
372,257,218267,1,0,0:0:0:0:
361,308,218333,2,0,B|391:359|391:359|418:282,1,112.500004291535
355,141,218594,5,0,0:0:0:0:
298,157,218659,1,0,0:0:0:0:
242,142,218724,1,0,0:0:0:0:
201,99,218789,1,0,0:0:0:0:
190,41,218855,2,0,B|236:0|236:0|253:53,1,112.500004291535
58,359,219115,5,0,0:0:0:0:
9,306,219180,1,0,0:0:0:0:
0,237,219245,1,0,0:0:0:0:
26,172,219310,1,0,0:0:0:0:
83,133,219375,1,0,0:0:0:0:
153,131,219441,1,0,0:0:0:0:
212,165,219506,1,0,0:0:0:0:
244,228,219571,1,0,0:0:0:0:
231,296,219637,5,0,0:0:0:0:
189,289,219702,1,0,0:0:0:0:
147,282,219767,1,0,0:0:0:0:
105,275,219832,1,0,0:0:0:0:
50,218,219898,5,0,0:0:0:0:
38,218,219963,1,0,0:0:0:0:
28,219,220028,1,0,0:0:0:0:
17,221,220093,1,0,0:0:0:0:
6,240,220159,6,0,B|-4:198|-4:198|31:45,1,175.00000166893
223,5,220355,1,0,0:0:0:0:
245,15,220420,2,0,B|269:52|269:52|260:122,1,87.500000834465
131,128,220550,2,0,B|107:165|107:165|116:235,1,87.500000834465
174,284,220681,6,0,B|234:251|280:325|280:325|314:409|412:375,1,247.500002360344
505,353,220942,2,0,P|501:295|449:250,1,82.5000007867813
359,256,221072,2,0,P|368:210|414:175,1,82.5000007867813
453,70,221202,6,0,B|497:41|497:41|513:174,1,155.000001182556
429,304,221398,1,0,0:0:0:0:
410,313,221463,2,0,B|391:326|391:326|306:318,1,82.5000007867813
399,158,221594,2,0,B|380:145|380:145|320:150,1,82.5000007867813
263,355,221724,6,0,P|197:336|174:304,1,87.500000834465
268,97,221855,2,0,P|189:119|166:156,1,87.500000834465
115,365,221985,6,0,B|58:372|58:372|12:332,1,97.500000371933
143,39,222115,2,0,B|86:31|86:31|40:72,1,97.500000371933
0,191,222246,6,0,B|54:180|82:220|82:220|114:266|238:223,1,175.00000166893
209,178,222442,1,0,0:0:0:0:
237,170,222507,2,0,P|271:111|247:69,1,87.500000834465
125,0,222637,2,0,P|159:59|135:101,1,87.500000834465
241,325,222768,6,0,B|307:381|307:381|328:170,1,247.500002360344
424,86,223028,2,0,B|445:82|445:82|525:105,1,82.5000007867813
484,245,223159,2,0,B|423:250|423:250|390:230,1,82.5000007867813
151,13,223289,6,0,B|205:-12|205:-12|250:5|237:107,1,155.000001182556
159,158,223485,1,0,0:0:0:0:
133,151,223550,2,0,P|106:122|108:53,1,82.5000007867813
319,51,223681,2,0,P|321:91|301:127,1,82.5000007867813
213,311,223811,6,0,B|195:291|195:291|190:221,1,87.500000834465
381,159,223942,2,0,B|394:184|394:184|378:270,1,87.500000834465
173,384,224072,6,0,P|138:348|73:337,1,97.500000371933
490,316,224202,2,0,P|446:336|419:376,1,97.500000371933
325,384,224333,6,0,B|284:341|284:341|322:198,1,175.00000166893
401,32,224528,1,0,0:0:0:0:
407,13,224594,2,0,B|441:48|441:48|431:110,1,87.500000834465
328,125,224724,2,0,B|294:90|294:90|304:28,1,87.500000834465
66,92,224855,6,0,B|47:25|47:25|161:-28|253:104,1,247.500002360344
240,147,225115,2,0,P|233:225|211:244,1,82.5000007867813
147,215,225246,2,0,P|154:137|176:118,1,82.5000007867813
199,311,225376,6,0,B|163:308|163:308|115:387|115:387|26:378,1,155.000001182556
20,219,225572,1,0,0:0:0:0:
3,201,225637,2,0,B|-10:179|-10:179|7:105,1,82.5000007867813
89,103,225768,2,0,B|102:125|102:125|85:199,1,82.5000007867813
80,274,225898,6,0,P|31:276|-9:222,1,87.500000834465
72,26,226028,2,0,P|114:19|151:40,1,87.500000834465
351,316,226159,6,0,B|302:341|302:341|247:314,1,102.500001564026
241,12,226289,2,0,B|289:-13|289:-13|349:12,1,102.500001564026
512,203,226420,5,0,0:0:0:0:
461,225,226485,1,0,0:0:0:0:
406,221,226550,1,0,0:0:0:0:
360,191,226615,1,0,0:0:0:0:
335,145,226681,5,0,0:0:0:0:
340,127,226746,1,0,0:0:0:0:
349,110,226811,5,0,0:0:0:0:
296,92,226876,1,0,0:0:0:0:
243,102,226941,1,0,0:0:0:0:
201,138,227006,1,0,0:0:0:0:
183,190,227072,2,0,P|187:227|273:281,1,92.4999996471405
411,375,227202,5,0,0:0:0:0:
381,340,227267,1,0,0:0:0:0:
338,324,227332,1,0,0:0:0:0:
293,332,227397,1,0,0:0:0:0:
247,359,227463,5,0,0:0:0:0:
182,384,227528,1,0,0:0:0:0:
115,375,227593,1,0,0:0:0:0:
61,333,227658,1,0,0:0:0:0:
36,269,227723,1,0,0:0:0:0:
47,201,227789,1,0,0:0:0:0:
91,148,227855,2,0,P|41:107|-7:116,1,97.500000371933
172,212,227985,5,0,0:0:0:0:
254,223,228050,1,0,0:0:0:0:
321,188,228115,1,0,0:0:0:0:
362,131,228181,1,0,0:0:0:0:
374,82,228246,5,0,0:0:0:0:
371,52,228311,1,0,0:0:0:0:
363,32,228376,1,0,0:0:0:0:
352,21,228442,1,0,0:0:0:0:
331,12,228507,6,0,B|302:55|302:55|315:108|388:125|452:79,1,175.00000166893
489,65,228702,1,0,0:0:0:0:
502,37,228768,2,0,B|527:19|519:-8|519:-8|493:3|478:62,1,87.500000834465
476,178,228898,2,0,B|478:208|506:216|506:216|509:186|465:144,1,87.500000834465,0|0,0:0|0:0,3:0:0:0:
376,207,229028,6,0,B|302:222|302:222|273:298|273:298|142:319,1,247.500002360344
14,244,229289,2,0,B|26:202|26:202|109:189,1,82.5000007867813
106,384,229420,2,0,B|63:394|63:394|10:329,1,82.5000007867813
113,71,229550,6,0,B|102:127|145:150|145:150|188:184|173:269,1,155.000001182556
199,286,229746,1,0,0:0:0:0:
224,279,229811,2,0,P|256:226|241:165,1,82.5000007867813
274,69,229942,2,0,P|212:67|166:111,1,82.5000007867813
42,140,230072,6,0,B|42:183|42:183|80:209,1,87.500000834465
274,344,230202,2,0,B|311:321|311:321|314:276,1,87.500000834465
343,27,230333,6,0,B|352:1|384:-8|384:-8|376:28|314:31,1,97.500000371933
62,56,230463,2,0,B|36:55|10:37|10:37|46:25|80:78,1,97.500000371933
479,248,230594,6,0,B|508:149|508:149|322:168,1,262.500002503395
260,178,230855,2,0,L|269:266,1,87.500000834465
382,375,230985,2,0,L|391:288,1,87.500000834465
189,104,231115,6,0,B|173:24|173:24|280:-10|334:101,1,262.500002503395
269,266,231376,2,0,P|201:260|171:227,1,87.500000834465
23,1,231507,2,0,P|91:7|121:40,1,87.500000834465
19,259,231637,6,0,B|67:256|67:256|114:108|114:108|223:102,1,277.499998941422
426,138,231898,2,0,B|444:188|444:188|423:261,1,92.4999996471405
347,234,232028,2,0,B|322:193|322:193|338:127,1,92.4999996471405
482,305,232159,6,0,P|429:318|370:284,1,92.4999996471405
284,72,232289,2,0,P|328:60|371:73,1,92.4999996471405
506,29,232420,6,0,L|514:156,1,97.500000371933
246,294,232550,2,0,L|238:167,1,97.500000371933
111,31,232681,6,0,B|42:25|42:25|-28:114,1,119.999996337891
35,278,232811,1,0,0:0:0:0:
200,7,232942,6,0,B|218:55|218:55|179:111,1,119.999996337891
157,213,233072,2,0,B|105:205|105:205|76:143,1,119.999996337891
1,79,233202,2,0,B|33:38|33:38|311:60,1,277.499998941422
378,12,233463,6,0,B|401:-1|401:-1|382:157,1,117.499998207092
168,285,233594,2,0,B|138:296|138:296|172:140,1,117.499998207092
378,384,233724,2,0,B|368:299|368:299|288:272|288:272|280:136,1,277.499998941422
363,71,233985,6,0,B|432:54|432:54|447:154,1,117.499998207092
214,20,234115,2,0,B|145:3|145:3|130:103,1,117.499998207092
151,188,234246,5,0,0:0:0:0:
127,184,234311,1,0,0:0:0:0:
104,180,234376,1,0,0:0:0:0:
81,176,234441,1,0,0:0:0:0:
58,172,234507,2,0,B|17:145|17:145|49:70,1,92.4999996471405
292,0,234637,1,0,0:0:0:0:
198,255,234768,5,0,0:0:0:0:
186,289,234833,1,0,0:0:0:0:
161,293,234898,1,0,0:0:0:0:
137,297,234963,1,0,0:0:0:0:
117,273,235028,1,0,0:0:0:0:
490,175,235159,5,0,0:0:0:0:
473,131,235225,1,0,0:0:0:0:
427,124,235290,1,0,0:0:0:0:
382,115,235355,1,0,0:0:0:0:
351,146,235420,1,0,0:0:0:0:
293,371,235550,5,0,0:0:0:0:
291,352,235615,1,0,0:0:0:0:
289,334,235680,1,0,0:0:0:0:
288,315,235745,1,0,0:0:0:0:
345,257,235811,5,0,0:0:0:0:
348,201,235876,1,0,0:0:0:0:
351,146,235941,1,0,0:0:0:0:
355,90,236006,1,0,0:0:0:0:
317,18,236072,5,0,0:0:0:0:
22,46,236202,5,0,0:0:0:0:
22,46,236268,1,0,0:0:0:0:
22,46,236333,5,0,0:0:0:0:
79,23,236398,1,0,0:0:0:0:
63,75,236463,1,0,0:0:0:0:
111,73,236528,1,0,0:0:0:0:
87,116,236594,1,0,0:0:0:0:
111,127,236659,1,0,0:0:0:0:
90,152,236724,1,0,0:0:0:0:
100,167,236789,1,0,0:0:0:0:
39,220,236855,6,0,B|11:139|11:139|217:167,1,277.499998941422
283,226,237115,2,0,L|294:97,1,92.4999996471405
385,14,237246,1,0,0:0:0:0:
378,263,237376,6,0,L|389:134,1,92.4999996471405
383,20,237507,1,0,0:0:0:0:
469,292,237637,6,0,L|480:163,1,92.4999996471405
379,28,237768,1,0,0:0:0:0:
381,315,237898,6,0,L|392:186,1,92.4999996471405
379,28,238028,1,0,0:0:0:0:
281,331,238159,6,0,L|292:202,1,87.500000834465
262,78,238289,1,0,0:0:0:0:
174,344,238420,6,0,L|185:215,1,82.5000007867813
139,121,238550,1,0,0:0:0:0:
70,362,238681,6,0,L|81:233,1,77.5000005912781
15,160,238811,1,0,0:0:0:0:
228,203,238942,6,0,B|169:194|140:244|140:244|106:304|20:277,1,225.000008583069
4,274,239202,2,0,B|63:265|92:315|92:315|126:375|212:348,1,194.999991073609
289,366,239463,5,0,0:0:0:0:
248,196,239594,1,0,0:0:0:0:
339,289,239724,2,0,P|391:304|337:266,1,194.999991073609
492,257,239985,6,0,B|508:142|508:142|409:160,1,209.999993591309
256,133,240246,2,0,B|240:18|240:18|339:36,1,209.999993591309
361,69,240507,5,0,0:0:0:0:
338,262,240637,1,0,0:0:0:0:
90,165,240768,2,0,B|151:157|151:157|199:226|199:226|304:212,1,209.999993591309
93,54,241028,6,0,B|55:41|55:41|-3:94|-3:94|33:273,1,277.499998941422
104,276,241289,2,0,L|118:159,1,92.4999996471405
135,0,241420,1,0,0:0:0:0:
204,311,241550,6,0,L|242:208,1,92.4999996471405
305,80,241681,1,0,0:0:0:0:
287,372,241811,6,0,L|355:294,1,92.4999996471405
425,176,241942,5,0,0:0:0:0:
441,164,242007,1,0,0:0:0:0:
459,151,242072,2,0,L|492:248,1,92.4999996471405
507,343,242202,5,0,0:0:0:0:
509,362,242267,1,0,0:0:0:0:
511,384,242332,2,0,L|409:364,1,92.4999996471405,0|0,0:0|0:0,0:0:0:0:
326,183,242463,5,0,0:0:0:0:
326,183,242528,1,0,0:0:0:0:
326,183,242594,5,0,0:0:0:0:
295,104,242659,1,0,0:0:0:0:
247,49,242724,1,0,0:0:0:0:
178,19,242789,1,0,0:0:0:0:
119,13,242855,1,0,0:0:0:0:
75,23,242920,1,0,0:0:0:0:
39,42,242985,1,0,0:0:0:0:
23,62,243050,1,0,0:0:0:0:
0,126,243115,5,0,0:0:0:0:
12,144,243180,1,0,0:0:0:0:
21,165,243245,1,0,0:0:0:0:
28,186,243310,1,0,0:0:0:0:
33,208,243376,2,0,P|26:242|10:278,1,64.9999970245363
177,230,243507,5,0,0:0:0:0:
164,248,243572,1,0,0:0:0:0:
155,269,243637,1,0,0:0:0:0:
148,290,243702,1,0,0:0:0:0:
144,312,243768,2,0,P|148:352|162:380,1,64.9999970245363
232,153,243898,5,0,0:0:0:0:
211,146,243963,1,0,0:0:0:0:
189,142,244029,2,0,P|152:146|116:165,1,64.9999970245363
264,246,244159,5,0,0:0:0:0:
282,233,244224,1,0,0:0:0:0:
303,224,244289,1,0,0:0:0:0:
324,217,244354,1,0,0:0:0:0:
346,213,244420,2,0,P|372:242|380:285,1,64.9999970245363
424,90,244550,5,0,0:0:0:0:
406,77,244615,1,0,0:0:0:0:
385,68,244680,1,0,0:0:0:0:
364,61,244745,1,0,0:0:0:0:
342,57,244811,2,0,P|316:86|308:129,1,64.9999970245363
501,145,244942,5,0,0:0:0:0:
508,124,245007,1,0,0:0:0:0:
512,102,245073,2,0,P|508:65|489:29,1,64.9999970245363
259,0,245202,5,0,0:0:0:0:
237,23,245267,1,0,0:0:0:0:
222,52,245332,1,0,0:0:0:0:
216,84,245397,1,0,0:0:0:0:
218,116,245463,2,0,P|252:177|271:193,1,64.9999970245363
402,288,245594,5,0,0:0:0:0:
379,266,245659,1,0,0:0:0:0:
350,251,245724,1,0,0:0:0:0:
318,245,245789,1,0,0:0:0:0:
286,247,245855,2,0,P|224:281|208:300,1,64.9999970245363
141,361,245985,5,0,0:0:0:0:
109,367,246050,1,0,0:0:0:0:
77,365,246116,2,0,P|15:330|0:311,1,64.9999970245363
102,116,246246,5,0,0:0:0:0:
124,139,246311,1,0,0:0:0:0:
139,168,246376,1,0,0:0:0:0:
145,200,246441,1,0,0:0:0:0:
143,232,246507,2,0,P|108:293|89:309,1,64.9999970245363
12,73,246637,5,0,0:0:0:0:
35,51,246702,1,0,0:0:0:0:
64,36,246767,1,0,0:0:0:0:
96,30,246832,1,0,0:0:0:0:
128,32,246898,2,0,P|189:66|205:85,1,64.9999970245363
246,108,247028,5,0,0:0:0:0:
306,142,247093,1,0,0:0:0:0:
380,140,247158,1,0,0:0:0:0:
441,98,247223,1,0,0:0:0:0:
459,32,247289,5,0,0:0:0:0:
448,71,247354,1,0,0:0:0:0:
447,113,247419,1,0,0:0:0:0:
455,154,247484,1,0,0:0:0:0:
472,192,247550,2,0,P|504:233|528:251,1,64.9999970245363
441,377,247681,5,0,0:0:0:0:
432,337,247746,1,0,0:0:0:0:
414,299,247811,1,0,0:0:0:0:
388,266,247876,1,0,0:0:0:0:
356,240,247942,2,0,P|308:217|279:212,1,64.9999970245363
239,80,248072,5,0,0:0:0:0:
213,113,248137,1,0,0:0:0:0:
181,139,248203,2,0,P|138:156|104:155,1,64.9999970245363
0,177,248333,5,0,0:0:0:0:
31,205,248398,1,0,0:0:0:0:
55,240,248463,1,0,0:0:0:0:
70,279,248528,1,0,0:0:0:0:
77,320,248594,2,0,P|73:371|63:399,1,64.9999970245363
212,245,248724,5,0,0:0:0:0:
240,214,248789,1,0,0:0:0:0:
275,190,248854,1,0,0:0:0:0:
314,175,248919,1,0,0:0:0:0:
355,168,248985,2,0,P|406:172|434:182,1,64.9999970245363
240,7,249115,5,0,0:0:0:0:
233,48,249180,1,0,0:0:0:0:
219,87,249246,2,0,P|190:129|167:148,1,64.9999970245363
354,384,249376,5,0,0:0:0:0:
365,343,249441,1,0,0:0:0:0:
386,306,249506,1,0,0:0:0:0:
414,276,249571,1,0,0:0:0:0:
448,252,249637,2,0,P|495:233|525:229,1,64.9999970245363
313,219,249768,5,0,0:0:0:0:
302,178,249833,1,0,0:0:0:0:
281,141,249898,1,0,0:0:0:0:
253,111,249963,1,0,0:0:0:0:
219,87,250029,2,0,P|171:68|141:64,1,64.9999970245363
404,127,250159,5,0,0:0:0:0:
404,86,250224,1,0,0:0:0:0:
423,49,250290,2,0,P|456:10|485:2,1,64.9999970245363
512,232,250420,5,0,0:0:0:0:
461,228,250485,1,0,0:0:0:0:
411,225,250550,1,0,0:0:0:0:
361,223,250615,1,0,0:0:0:0:
313,219,250681,2,0,L|222:211,1,64.9999970245363
209,61,250811,5,0,0:0:0:0:
159,63,250876,1,0,0:0:0:0:
111,67,250942,2,0,L|18:74,1,64.9999970245363
289,94,251072,5,0,0:0:0:0:
298,65,251138,2,0,L|291:-28,1,64.9999970245363
12,260,251268,5,0,0:0:0:0:
3,231,251334,2,0,L|10:138,1,64.9999970245363
195,378,251463,1,0,0:0:0:0:
195,378,251985,6,0,L|190:329,7,50
222,256,252507,5,0,0:0:0:0:
243,246,252572,1,0,0:0:0:0:
272,240,252637,1,0,0:0:0:0:
311,241,252702,1,0,0:0:0:0:
346,258,252768,5,0,0:0:0:0:
384,292,252833,1,0,0:0:0:0:
442,304,252898,1,0,0:0:0:0:
497,273,252963,1,0,0:0:0:0:
512,210,253028,5,0,0:0:0:0:
487,151,253094,1,0,0:0:0:0:
431,123,253159,1,0,0:0:0:0:
368,138,253224,1,0,0:0:0:0:
314,93,253289,5,0,0:0:0:0:
311,78,253354,1,0,0:0:0:0:
309,63,253419,1,0,0:0:0:0:
306,48,253484,1,0,0:0:0:0:
304,27,253550,2,0,B|354:46|354:46|301:77|301:77|252:49|252:49|123:35,1,269.999991760254
51,8,253811,5,0,0:0:0:0:
13,52,253876,1,0,0:0:0:0:
0,109,253941,1,0,0:0:0:0:
12,167,254006,1,0,0:0:0:0:
48,212,254071,1,0,0:0:0:0:
101,238,254137,1,0,0:0:0:0:
160,238,254202,1,0,0:0:0:0:
212,213,254267,1,0,0:0:0:0:
267,195,254333,1,0,0:0:0:0:
322,213,254398,1,0,0:0:0:0:
356,260,254463,1,0,0:0:0:0:
356,317,254528,1,0,0:0:0:0:
321,364,254594,5,0,0:0:0:0:
265,382,254659,1,0,0:0:0:0:
210,364,254724,1,0,0:0:0:0:
175,317,254790,1,0,0:0:0:0:
175,260,254855,1,0,0:0:0:0:
208,213,254920,1,0,0:0:0:0:
264,195,254985,1,0,0:0:0:0:
319,213,255051,1,0,0:0:0:0:
356,260,255115,2,0,L|374:382,1,92.4999996471405
458,184,255246,5,0,0:0:0:0:
462,156,255311,1,0,0:0:0:0:
466,129,255376,1,0,0:0:0:0:
470,101,255441,1,0,0:0:0:0:
474,74,255506,1,0,0:0:0:0:
478,46,255572,1,0,0:0:0:0:
482,19,255637,2,0,B|438:43|438:43|467:94|467:94|482:69|482:69|503:266,1,277.499998941422
503,325,255898,5,0,0:0:0:0:
458,371,255963,1,0,0:0:0:0:
396,384,256028,1,0,0:0:0:0:
337,359,256093,1,0,0:0:0:0:
303,305,256158,1,0,0:0:0:0:
305,241,256224,1,0,0:0:0:0:
343,190,256289,1,0,0:0:0:0:
369,131,256355,1,0,0:0:0:0:
360,68,256420,1,0,0:0:0:0:
320,19,256485,1,0,0:0:0:0:
259,0,256550,1,0,0:0:0:0:
198,19,256615,1,0,0:0:0:0:
158,68,256680,1,0,0:0:0:0:
149,131,256745,1,0,0:0:0:0:
175,190,256811,1,0,0:0:0:0:
213,241,256876,1,0,0:0:0:0:
215,305,256942,1,0,0:0:0:0:
181,359,257007,1,0,0:0:0:0:
122,384,257072,1,0,0:0:0:0:
60,371,257137,1,0,0:0:0:0:
15,325,257202,5,0,0:0:0:0:
7,252,257267,1,0,0:0:0:0:
32,183,257332,1,0,0:0:0:0:
85,132,257397,1,0,0:0:0:0:
155,110,257462,1,0,0:0:0:0:
228,121,257528,1,0,0:0:0:0:
288,164,257593,1,0,0:0:0:0:
323,228,257658,1,0,0:0:0:0:
326,301,257723,5,0,0:0:0:0:
