osu file format v14

[General]
AudioFilename: audio.mp3
AudioLeadIn: 0
PreviewTime: -1
Countdown: 0
SampleSet: Normal
StackLeniency: 0.7
Mode: 0
LetterboxInBreaks: 0
WidescreenStoryboard: 0
SamplesMatchPlaybackRate: 1

[Editor]
DistanceSpacing: 1.1
BeatDivisor: 7
GridSize: 8
TimelineZoom: 1.1

[Metadata]
SoundId:rbxassetid://12786352202
Title:Jotaro's Theme
TitleUnicode:Jotaro's Theme
Artist:ManuCrack_fp
ArtistUnicode:ManuCrack_fp
Creator:ManuCrack_fp
Version:Hard
Source:Jojo´s Bizarre Adventure
Tags:Jotaro,Jojo
BeatmapID:3048756
BeatmapSetID:1486993

[Difficulty]
HPDrainRate:5
CircleSize:4
OverallDifficulty:5
ApproachRate:8
SliderMultiplier:1.4
SliderTickRate:1

[Events]
//Background and Video events
0,0,"osu.jpg",0,0
//Break Periods
2,13913,28692
2,60887,123942
//Storyboard Layer 0 (Background)
//Storyboard Layer 1 (Fail)
//Storyboard Layer 2 (Pass)
//Storyboard Layer 3 (Foreground)
//Storyboard Layer 4 (Overlay)
//Storyboard Sound Samples

[TimingPoints]
0,428.571428571429,4,2,1,79,1,0
15,428.571428571429,4,1,1,79,1,0
36321,-333.333333333333,4,1,1,79,0,0
43071,-100,4,1,1,79,0,0
125142,-33.3333333333333,4,1,1,79,0,0
125828,-100,4,1,1,100,0,0
136392,-500,4,1,1,100,0,0


[HitObjects]
256,192,0,12,0,2571,1:1:0:0:
81,58,2785,5,0,0:0:0:0:
176,236,3000,1,0,0:0:0:0:
296,66,3214,1,0,0:0:0:0:
399,230,3428,1,0,0:0:0:0:
422,329,3642,2,4,L|334:330,1,70
359,193,4071,2,4,L|437:192,1,70
258,325,4500,1,4,0:0:0:0:
258,325,4714,2,4,L|213:250,2,70
272,87,5357,5,0,0:0:0:0:
272,87,5571,1,0,0:0:0:0:
144,179,5785,1,0,0:0:0:0:
144,179,6000,1,0,0:0:0:0:
227,232,6321,1,0,0:0:0:0:
227,232,6367,1,0,0:0:0:0:
227,232,6428,2,0,L|303:232,2,70
377,149,7224,1,2,0:0:0:0:
377,149,7285,2,0,L|427:207,2,70
164,82,8081,1,0,0:0:0:0:
164,82,8142,2,0,L|149:155,2,70
252,124,8938,5,0,0:0:0:0:
252,124,9000,2,0,L|378:183,1,140
310,23,9750,1,0,0:0:0:0:
406,70,9857,2,4,L|492:105,2,70,0|4|4,0:0|0:0|0:0,0:0:0:0:
421,218,10607,1,0,0:0:0:0:
310,210,10714,2,4,L|318:284,2,70,0|4|4,0:0|0:0|0:0,0:0:0:0:
277,74,11464,1,0,0:0:0:0:
194,146,11571,2,0,L|113:167,2,70,0|4|4,0:0|0:0|0:0,0:0:0:0:
339,186,12214,1,0,0:0:0:0:
279,72,12428,1,0,0:0:0:0:
221,184,12642,1,0,0:0:0:0:
324,311,12857,1,0,0:0:0:0:
422,301,13178,1,0,0:0:0:0:
422,301,13285,2,4,L|508:301,2,70,0|4|4,0:0|0:0|0:0,0:0:0:0:
166,98,29892,5,0,0:0:0:0:
166,98,30000,6,4,L|312:97,2,140
160,175,31071,1,0,0:0:0:0:
269,251,31285,1,0,0:0:0:0:
324,51,31500,1,0,0:0:0:0:
434,71,31714,2,4,P|434:135|370:184,2,140
352,114,32785,1,0,0:0:0:0:
288,228,33000,1,0,0:0:0:0:
218,137,33214,1,0,0:0:0:0:
185,56,33428,2,4,P|108:70|69:133,2,140
293,86,34500,5,0,0:0:0:0:
476,104,34714,1,0,0:0:0:0:
255,248,34928,1,0,0:0:0:0:
361,338,35142,2,4,P|440:299|443:222,2,140
254,51,36428,2,14,L|299:51,1,41.9999987182618
403,56,36942,1,0,0:0:0:0:
402,81,37028,1,0,0:0:0:0:
401,108,37114,1,0,0:0:0:0:
400,137,37200,1,0,0:0:0:0:
398,162,37285,1,0,0:0:0:0:
397,189,37371,1,0,0:0:0:0:
394,218,37457,1,0,0:0:0:0:
383,247,37542,1,0,0:0:0:0:
362,271,37628,1,0,0:0:0:0:
341,290,37714,1,0,0:0:0:0:
312,302,37800,1,0,0:0:0:0:
285,309,37885,1,0,0:0:0:0:
256,312,37971,1,0,0:0:0:0:
227,314,38057,1,0,0:0:0:0:
196,316,38142,1,0,0:0:0:0:
171,319,38228,1,0,0:0:0:0:
138,313,38314,1,0,0:0:0:0:
117,303,38400,1,0,0:0:0:0:
98,279,38485,1,0,0:0:0:0:
93,259,38571,1,0,0:0:0:0:
102,223,38657,1,0,0:0:0:0:
109,202,38742,1,0,0:0:0:0:
119,172,38828,1,0,0:0:0:0:
132,153,38914,1,0,0:0:0:0:
152,125,39000,1,0,0:0:0:0:
169,107,39085,1,0,0:0:0:0:
191,84,39171,1,0,0:0:0:0:
207,63,39257,1,0,0:0:0:0:
236,53,39342,1,0,0:0:0:0:
262,53,39428,1,0,0:0:0:0:
293,50,39514,1,0,0:0:0:0:
320,49,39600,1,0,0:0:0:0:
348,58,39685,1,0,0:0:0:0:
372,77,39771,1,0,0:0:0:0:
388,100,39857,1,0,0:0:0:0:
397,130,39942,1,0,0:0:0:0:
404,157,40028,1,0,0:0:0:0:
410,189,40114,1,0,0:0:0:0:
415,217,40200,1,0,0:0:0:0:
422,250,40285,1,0,0:0:0:0:
405,277,40371,1,0,0:0:0:0:
375,286,40457,1,0,0:0:0:0:
351,292,40542,1,0,0:0:0:0:
318,297,40628,1,0,0:0:0:0:
290,300,40714,1,0,0:0:0:0:
259,306,40800,1,0,0:0:0:0:
233,305,40885,1,0,0:0:0:0:
199,312,40971,1,0,0:0:0:0:
174,315,41057,1,0,0:0:0:0:
141,306,41142,1,0,0:0:0:0:
126,281,41228,1,0,0:0:0:0:
122,250,41314,1,0,0:0:0:0:
104,226,41400,1,0,0:0:0:0:
99,194,41485,1,0,0:0:0:0:
76,171,41571,1,0,0:0:0:0:
57,154,41657,1,0,0:0:0:0:
29,130,41742,1,0,0:0:0:0:
42,90,41828,1,0,0:0:0:0:
70,82,41914,1,0,0:0:0:0:
101,86,42000,1,0,0:0:0:0:
133,90,42085,1,0,0:0:0:0:
161,85,42171,1,0,0:0:0:0:
196,85,42257,1,0,0:0:0:0:
224,89,42342,1,0,0:0:0:0:
255,93,42428,1,0,0:0:0:0:
285,91,42514,1,0,0:0:0:0:
318,86,42600,1,0,0:0:0:0:
351,88,42685,1,0,0:0:0:0:
377,88,42771,1,0,0:0:0:0:
412,89,42857,1,0,0:0:0:0:
365,278,43178,5,0,0:0:0:0:
273,186,43371,1,0,0:0:0:0:
212,278,43542,1,0,0:0:0:0:
74,260,43714,2,2,P|43:175|58:136,2,116.666666666667
134,310,44785,1,0,0:0:0:0:
216,230,45071,1,0,0:0:0:0:
291,310,45285,1,0,0:0:0:0:
391,264,45500,2,2,L|457:187,2,93.3333333333333
410,94,46500,1,0,0:0:0:0:
151,99,46928,1,0,0:0:0:0:
281,219,47214,2,0,P|417:251|434:63,2,373.333333333333
362,78,49851,5,0,0:0:0:0:
181,48,49974,1,0,0:0:0:0:
259,207,50096,1,0,0:0:0:0:
379,181,50402,1,0,0:0:0:0:
379,181,50463,1,0,0:0:0:0:
379,181,50525,1,0,0:0:0:0:
379,181,50586,2,0,P|366:324|127:193,1,540
305,114,53035,1,0,0:0:0:0:
101,85,53586,1,0,0:0:0:0:
346,146,53953,1,0,0:0:0:0:
346,146,54015,1,0,0:0:0:0:
346,146,54076,1,0,0:0:0:0:
349,150,54137,2,0,P|351:311|96:175,1,600
198,77,56157,1,0,0:0:0:0:
410,72,56647,1,0,0:0:0:0:
355,218,57076,1,0,0:0:0:0:
107,164,57504,1,0,0:0:0:0:
321,93,57810,5,0,0:0:0:0:
412,103,58239,2,0,P|535:174|375:268,2,400
264,60,125142,6,0,L|461:61,1,196,4|4,0:0|0:0,0:0:0:0:
316,176,125571,2,4,L|538:178,1,210.000008010865
471,246,126000,1,0,0:0:0:0:
462,275,126085,1,0,0:0:0:0:
448,298,126171,1,0,0:0:0:0:
426,319,126257,1,0,0:0:0:0:
396,327,126342,1,0,0:0:0:0:
372,331,126428,1,0,0:0:0:0:
341,330,126514,1,0,0:0:0:0:
312,330,126600,1,0,0:0:0:0:
281,331,126685,1,0,0:0:0:0:
254,332,126771,1,0,0:0:0:0:
219,333,126857,1,0,0:0:0:0:
198,331,126942,1,0,0:0:0:0:
162,325,127028,1,0,0:0:0:0:
143,322,127114,1,0,0:0:0:0:
105,308,127200,1,0,0:0:0:0:
90,298,127285,1,0,0:0:0:0:
67,274,127371,1,0,0:0:0:0:
52,253,127457,1,0,0:0:0:0:
35,230,127542,1,0,0:0:0:0:
19,205,127628,1,0,0:0:0:0:
29,176,127714,1,0,0:0:0:0:
43,152,127800,1,0,0:0:0:0:
52,124,127885,1,0,0:0:0:0:
67,99,127971,1,0,0:0:0:0:
89,73,128057,1,0,0:0:0:0:
111,56,128142,1,0,0:0:0:0:
139,43,128228,1,0,0:0:0:0:
165,28,128314,1,0,0:0:0:0:
195,30,128400,1,0,0:0:0:0:
226,37,128485,1,0,0:0:0:0:
258,40,128571,1,0,0:0:0:0:
291,43,128657,1,0,0:0:0:0:
326,51,128742,1,0,0:0:0:0:
356,59,128828,1,0,0:0:0:0:
388,67,128914,1,0,0:0:0:0:
420,73,129000,1,0,0:0:0:0:
453,77,129085,1,0,0:0:0:0:
462,106,129171,1,0,0:0:0:0:
463,137,129257,1,0,0:0:0:0:
464,168,129342,1,0,0:0:0:0:
466,199,129428,1,0,0:0:0:0:
467,233,129514,1,0,0:0:0:0:
468,264,129600,1,0,0:0:0:0:
466,296,129685,1,0,0:0:0:0:
451,326,129771,1,0,0:0:0:0:
421,341,129857,1,0,0:0:0:0:
391,341,129942,1,0,0:0:0:0:
360,343,130028,1,0,0:0:0:0:
325,343,130114,1,0,0:0:0:0:
293,343,130200,1,0,0:0:0:0:
264,342,130285,1,0,0:0:0:0:
234,339,130371,1,0,0:0:0:0:
206,337,130457,1,0,0:0:0:0:
176,332,130542,1,0,0:0:0:0:
144,330,130628,1,0,0:0:0:0:
115,331,130714,1,0,0:0:0:0:
83,331,130800,1,0,0:0:0:0:
51,329,130885,1,0,0:0:0:0:
48,300,130971,1,0,0:0:0:0:
48,269,131057,1,0,0:0:0:0:
50,236,131142,1,0,0:0:0:0:
53,204,131228,1,0,0:0:0:0:
57,169,131314,1,0,0:0:0:0:
64,136,131400,1,0,0:0:0:0:
73,103,131485,1,0,0:0:0:0:
90,72,131571,1,0,0:0:0:0:
110,52,131657,1,0,0:0:0:0:
141,50,131742,1,0,0:0:0:0:
171,57,131828,1,0,0:0:0:0:
202,58,131914,1,0,0:0:0:0:
235,59,132000,1,0,0:0:0:0:
257,162,132257,1,0,0:0:0:0:
351,307,132428,1,0,0:0:0:0:
425,170,132600,1,0,0:0:0:0:
406,74,132857,2,0,L|284:29,3,105
209,138,134142,1,0,0:0:0:0:
109,296,134357,2,0,L|206:313,1,70
283,290,134892,1,0,0:0:0:0:
274,63,135321,2,0,P|197:37|146:52,1,105
281,171,136071,1,0,0:0:0:0:
314,272,136392,2,0,L|456:187,1,161
