osu file format v14

[General]
AudioFilename: audio.mp3
AudioLeadIn: 0
PreviewTime: 129682
Countdown: 0
SampleSet: None
StackLeniency: 0.7
Mode: 0
LetterboxInBreaks: 0
WidescreenStoryboard: 0

[Editor]
Bookmarks: 40,6897,20611,23397,34325,36040,42897,49754,56611,70325,77182
DistanceSpacing: 1.8
BeatDivisor: 4
GridSize: 8
TimelineZoom: 1.3

[Metadata]
SoundId:rbxassetid://12531471210
Title:No More Deals
TitleUnicode:No More Deals
Artist:Benlab
ArtistUnicode:Benlab
Creator:Sakatsuki-
Version:Insane
Source:Deltarun
Tags:chara frisk deltarun no more deals
BeatmapID:3007363
BeatmapSetID:1464143

[Difficulty]
HPDrainRate:8
CircleSize:4
OverallDifficulty:7
ApproachRate:9.3
SliderMultiplier:2.8
SliderTickRate:1

[Events]
//Background and Video events
0,0,"wallpaperbetter.com_1280x720.jpg",0,0
//Break Periods
2,56810,69771
//Storyboard Layer 0 (Background)
//Storyboard Layer 1 (Fail)
//Storyboard Layer 2 (Pass)
//Storyboard Layer 3 (Foreground)
//Storyboard Layer 4 (Overlay)
//Storyboard Sound Samples

[TimingPoints]
40.104800589361,428.571428571429,4,1,0,50,1,0
4968,-200,4,1,0,50,0,0
6040,-100,4,1,0,50,0,0
11825,-200,4,1,0,50,0,0
12682,-100,4,1,0,50,0,0
18682,-200,4,1,0,50,0,0
19754,-100,4,1,0,50,0,0
20611,-100,4,1,0,25,0,0
22325,-100,4,1,0,50,0,1
31968,-66.6666666666667,4,1,0,50,0,1
32075,-66.6666666666667,4,1,0,5,0,1
32182,-66.6666666666667,4,1,0,50,0,1
32611,-100,4,1,0,50,0,1
35290,-133.333333333333,4,1,0,50,0,1
35718,-66.6666666666667,4,1,0,50,0,1
36040,-100,4,1,0,50,0,0
36897,-200,4,1,0,50,0,0
37754,-100,4,1,0,50,0,0
38611,-200,4,1,0,50,0,0
39468,-100,4,1,0,50,0,0
40754,-200,4,1,0,50,0,0
42897,-125,4,1,0,50,0,0
44182,-100,4,1,0,50,0,0
46325,-125,4,1,0,50,0,0
51040,-100,4,1,0,50,0,0
56182,-166.666666666667,4,1,0,50,0,0
70325,-250,4,1,0,30,0,0
76111,-250,4,1,0,15,0,0
76325,-250,4,1,0,30,0,0


[HitObjects]
72,88,40,5,0,0:0:0:0:
264,120,254,1,0,0:0:0:0:
112,216,468,2,0,P|192:240|256:272,1,140
392,128,897,2,0,B|384:184|384:184|416:264,1,140
256,80,1325,1,0,0:0:0:0:
192,144,1432,1,0,0:0:0:0:
208,224,1540,1,0,0:0:0:0:
56,96,1754,5,0,0:0:0:0:
224,104,1968,1,0,0:0:0:0:
48,232,2182,2,0,P|128:224|176:256,1,140
312,320,2611,1,0,0:0:0:0:
352,232,2718,1,0,0:0:0:0:
304,152,2825,2,0,P|256:200|184:232,1,140
136,72,3254,1,0,0:0:0:0:
32,136,3361,1,0,0:0:0:0:
176,112,3468,6,0,P|192:112|328:88,1,140
384,184,3897,2,0,B|360:272|360:272|368:320,1,140
192,120,4325,2,0,B|240:192|240:192|240:256,1,140
160,240,4647,2,0,P|176:336|224:368,1,140
256,296,4968,2,0,P|296:264|376:208,1,140
376,208,5504,5,0,0:0:0:0:
408,200,5611,1,0,0:0:0:0:
296,80,5825,1,0,0:0:0:0:
136,88,6040,2,0,P|152:168|160:248,1,140
208,296,6468,2,0,L|240:328,3,35
88,152,6897,6,0,P|176:144|272:104,1,140
376,112,7325,1,0,0:0:0:0:
272,272,7540,1,0,0:0:0:0:
288,72,7754,2,0,P|208:64|128:40,1,140
80,128,8182,1,0,0:0:0:0:
112,216,8290,1,0,0:0:0:0:
200,272,8397,1,0,0:0:0:0:
328,144,8611,6,0,P|360:248|376:296,1,140
256,72,9040,2,0,P|256:160|216:256,1,140
72,128,9468,1,0,0:0:0:0:
184,224,9575,1,0,0:0:0:0:
72,128,9682,1,0,0:0:0:0:
216,96,9897,2,0,P|288:96|368:128,1,140
376,136,10218,1,0,0:0:0:0:
368,176,10325,6,0,P|288:168|216:176,1,140
272,248,10754,2,0,P|328:304|352:360,1,140
152,328,11182,1,0,0:0:0:0:
104,160,11397,1,0,0:0:0:0:
176,216,11504,1,0,0:0:0:0:
144,40,11718,1,0,0:0:0:0:
216,136,11825,6,0,P|264:128|360:136,1,140
376,152,12361,1,0,0:0:0:0:
408,192,12468,1,0,0:0:0:0:
312,336,12682,2,0,P|240:280|128:272,1,140
152,152,13111,1,0,0:0:0:0:
272,64,13325,2,0,L|320:80,4,35
368,176,13754,6,0,P|448:232|488:272,1,140
256,256,14182,2,0,P|176:200|136:144,1,140
312,64,14611,1,0,0:0:0:0:
176,184,14825,1,0,0:0:0:0:
192,64,15040,1,0,0:0:0:0:
240,144,15147,1,0,0:0:0:0:
240,240,15254,1,0,0:0:0:0:
144,176,15468,6,0,P|64:232|24:272,1,140
256,256,15896,2,0,P|336:200|376:144,1,140
168,64,16325,1,0,0:0:0:0:
184,160,16432,1,0,0:0:0:0:
264,216,16540,1,0,0:0:0:0:
400,72,16754,2,0,P|304:104|256:112,1,140
240,88,17075,1,0,0:0:0:0:
192,64,17182,6,0,P|216:160|216:224,1,140
120,192,17611,2,0,P|112:272|136:328,1,140
352,112,18040,1,0,0:0:0:0:
352,240,18254,1,0,0:0:0:0:
304,88,18361,1,0,0:0:0:0:
216,256,18575,1,0,0:0:0:0:
192,80,18682,2,0,P|180:148|151:212,1,140
128,232,19218,1,0,0:0:0:0:
96,256,19325,1,0,0:0:0:0:
64,120,19540,1,0,0:0:0:0:
192,104,19754,2,0,B|256:96|304:80|304:80|256:48,2,140
232,208,20611,5,0,0:0:0:0:
280,168,20825,1,0,0:0:0:0:
328,216,21040,1,0,0:0:0:0:
288,248,21254,1,0,0:0:0:0:
232,248,21468,1,0,0:0:0:0:
192,280,21682,1,0,0:0:0:0:
224,328,21897,1,0,0:0:0:0:
280,320,22111,1,0,0:0:0:0:
72,80,22325,6,0,P|184:112|232:144,1,140
80,216,22754,1,0,0:0:0:0:
248,264,22968,2,0,P|168:280|120:320,1,140
248,160,23397,1,0,0:0:0:0:
320,56,23504,1,0,0:0:0:0:
200,40,23611,1,0,0:0:0:0:
376,160,23825,2,0,P|376:248|392:304,1,140
240,280,24254,5,0,0:0:0:0:
160,232,24361,1,0,0:0:0:0:
112,128,24468,1,0,0:0:0:0:
248,120,24682,2,0,P|328:104|384:56,1,140
144,48,25111,1,0,0:0:0:0:
336,32,25325,1,0,0:0:0:0:
352,112,25432,1,0,0:0:0:0:
312,184,25539,1,0,0:0:0:0:
232,216,25646,1,0,0:0:0:0:
152,248,25754,6,0,P|176:320|216:368,1,140
304,368,26075,1,0,0:0:0:0:
400,352,26182,1,0,0:0:0:0:
432,240,26397,2,0,P|376:176|360:104,1,140
216,56,26825,1,0,0:0:0:0:
168,136,26932,1,0,0:0:0:0:
96,192,27040,1,0,0:0:0:0:
256,232,27254,1,0,0:0:0:0:
368,160,27468,5,0,0:0:0:0:
365,93,27575,1,0,0:0:0:0:
306,63,27682,1,0,0:0:0:0:
251,101,27789,1,0,0:0:0:0:
200,144,27897,1,0,0:0:0:0:
145,181,28004,1,0,0:0:0:0:
85,151,28111,1,0,0:0:0:0:
83,85,28218,1,0,0:0:0:0:
96,24,28325,5,0,0:0:0:0:
138,78,28432,1,0,0:0:0:0:
197,117,28539,1,0,0:0:0:0:
264,134,28646,1,0,0:0:0:0:
328,128,28754,1,0,0:0:0:0:
272,168,28861,1,0,0:0:0:0:
230,226,28968,1,0,0:0:0:0:
215,287,29075,1,0,0:0:0:0:
48,288,29182,6,0,P|96:216|96:144,1,140
168,56,29611,1,0,0:0:0:0:
288,152,29825,1,0,0:0:0:0:
120,160,30040,2,0,P|168:240|168:304,1,140
72,272,30361,1,0,0:0:0:0:
40,168,30468,1,0,0:0:0:0:
208,128,30682,6,0,P|288:168|384:168,1,140
376,280,31111,1,0,0:0:0:0:
288,328,31218,1,0,0:0:0:0:
192,336,31325,1,0,0:0:0:0:
112,192,31540,1,0,0:0:0:0:
216,296,31754,1,0,0:0:0:0:
224,160,31968,6,0,P|256:96|320:88,1,105.000004005432
353,156,32182,1,0,0:0:0:0:
392,232,32289,1,0,0:0:0:0:
368,304,32396,1,0,0:0:0:0:
304,352,32503,1,0,0:0:0:0:
232,328,32611,6,0,P|160:288|96:272,1,140
56,160,32933,1,0,0:0:0:0:
176,104,33040,1,0,0:0:0:0:
288,80,33254,2,0,B|304:152|304:152|336:248,1,140
168,48,33682,1,0,0:0:0:0:
144,144,33790,1,0,0:0:0:0:
112,232,33897,1,0,0:0:0:0:
200,328,34111,1,0,0:0:0:0:
48,216,34325,5,0,0:0:0:0:
107,179,34432,1,0,0:0:0:0:
175,186,34539,1,0,0:0:0:0:
240,209,34646,1,0,0:0:0:0:
296,240,34753,1,0,0:0:0:0:
358,257,34861,1,0,0:0:0:0:
419,229,34968,1,0,0:0:0:0:
426,164,35075,1,0,0:0:0:0:
373,124,35182,5,0,0:0:0:0:
328,168,35290,1,0,0:0:0:0:
290,204,35397,1,0,0:0:0:0:
243,226,35504,1,0,0:0:0:0:
191,231,35611,5,0,0:0:0:0:
168,176,35718,1,0,0:0:0:0:
150,111,35825,1,0,0:0:0:0:
106,61,35932,1,0,0:0:0:0:
56,104,36040,6,0,P|72:184|64:256,1,140
40,320,36361,1,0,0:0:0:0:
120,352,36468,1,0,0:0:0:0:
288,328,36682,1,0,0:0:0:0:
160,232,36897,2,0,P|224:216|288:160,1,140
344,120,37432,1,0,0:0:0:0:
408,32,37540,1,0,0:0:0:0:
296,24,37647,1,0,0:0:0:0:
176,24,37754,6,0,P|144:104|128:160,1,140
48,136,38075,2,0,P|48:232|32:312,1,140
160,272,38397,1,0,0:0:0:0:
272,336,38611,2,0,P|272:256|312:200,1,140
288,56,39254,5,0,0:0:0:0:
216,96,39361,1,0,0:0:0:0:
168,168,39468,2,0,P|264:224|304:264,1,140
216,296,39790,1,0,0:0:0:0:
128,296,39897,2,0,B|104:208|104:208|56:152,1,140
160,80,40325,5,0,0:0:0:0:
272,160,40432,1,0,0:0:0:0:
160,80,40540,1,0,0:0:0:0:
304,160,40647,1,0,0:0:0:0:
256,72,40754,2,0,B|272:64|272:64|280:72|280:72|288:64|288:64|296:72|296:72|304:64|304:64|312:72|312:72|320:64|320:64|328:72|328:72|336:64|336:64|344:72|344:72|352:64|352:64,1,122.5
408,48,41182,2,0,B|400:120|432:168|432:168|400:192|384:248,1,210
272,304,41932,1,0,0:0:0:0:
240,176,42040,2,0,B|232:168|232:168|240:168|240:168|240:160|240:160|232:160|232:160|232:152|232:152|240:152|240:152|240:144|240:144|232:144|232:144|232:136|232:136|240:136|240:136|240:128|240:128|232:128|232:128|232:120|232:120|240:120|240:120|240:112|240:112|232:112|232:112|232:104|232:104|240:104|240:104,1,140
352,40,42682,1,0,0:0:0:0:
432,128,42790,1,0,0:0:0:0:
304,136,42897,5,0,0:0:0:0:
278,184,43004,1,0,0:0:0:0:
227,201,43111,1,0,0:0:0:0:
178,176,43218,1,0,0:0:0:0:
176,120,43325,1,0,0:0:0:0:
158,68,43432,1,0,0:0:0:0:
110,43,43539,1,0,0:0:0:0:
58,60,43646,1,0,0:0:0:0:
33,108,43753,1,0,0:0:0:0:
56,216,43968,5,0,0:0:0:0:
144,224,44075,1,0,0:0:0:0:
104,312,44182,2,0,P|184:328|264:352,1,140
392,256,44611,2,0,L|432:176,1,70
256,144,44932,2,0,L|184:112,1,70
80,136,45254,1,0,0:0:0:0:
48,232,45468,1,0,0:0:0:0:
160,312,45682,5,0,0:0:0:0:
248,288,45790,1,0,0:0:0:0:
336,240,45897,2,0,P|336:168|320:96,1,140
88,184,46325,5,0,0:0:0:0:
143,183,46432,1,0,0:0:0:0:
198,194,46539,1,0,0:0:0:0:
249,218,46646,1,0,0:0:0:0:
296,248,46754,1,0,0:0:0:0:
348,262,46861,1,0,0:0:0:0:
392,230,46968,1,0,0:0:0:0:
396,176,47075,1,0,0:0:0:0:
384,120,47182,1,0,0:0:0:0:
240,64,47397,5,0,0:0:0:0:
200,112,47504,1,0,0:0:0:0:
176,168,47611,2,0,P|200:224|192:272,1,112
352,80,48040,6,0,P|368:168|424:240,1,168
272,248,48682,1,0,0:0:0:0:
192,152,48897,1,0,0:0:0:0:
88,320,49111,1,0,0:0:0:0:
88,320,49218,1,0,0:0:0:0:
88,320,49325,2,0,L|208:360,1,112
112,120,49754,5,0,0:0:0:0:
280,112,49968,1,0,0:0:0:0:
120,216,50182,1,0,0:0:0:0:
280,208,50397,1,0,0:0:0:0:
120,96,50611,1,0,0:0:0:0:
272,104,50825,1,0,0:0:0:0:
80,200,51040,5,0,0:0:0:0:
96,296,51147,1,0,0:0:0:0:
168,344,51254,1,0,0:0:0:0:
344,328,51468,2,0,P|272:304|224:256,1,140
328,104,51897,1,0,0:0:0:0:
232,152,52004,1,0,0:0:0:0:
120,120,52111,1,0,0:0:0:0:
88,320,52325,6,0,P|88:240|64:176,1,140
192,328,52754,1,0,0:0:0:0:
216,224,52861,1,0,0:0:0:0:
288,152,52968,1,0,0:0:0:0:
226,260,53182,2,0,P|277:307|344:328,1,140
168,304,53611,1,0,0:0:0:0:
192,200,53718,1,0,0:0:0:0:
264,128,53825,1,0,0:0:0:0:
128,48,54040,6,0,P|72:104|0:144,1,140
48,232,54468,2,0,L|88:272,5,35
208,320,54897,2,0,P|256:296|352:288,1,140
256,144,55325,2,0,B|236:117|236:117|208:88,2,70
88,144,55754,2,0,B|104:224|104:224|96:304,1,140
280,328,56182,2,0,P|256:280|288:176,1,167.999994873047
88,160,70325,6,0,P|139:188|200:184,1,112
256,216,70968,1,0,0:0:0:0:
96,296,71397,2,0,P|136:304|168:328,1,56
192,344,71718,1,0,0:0:0:0:
408,208,72040,2,0,P|352:208|280:224,1,112
240,240,72682,1,0,0:0:0:0:
112,120,73111,2,0,L|176:88,1,56
296,120,73540,5,0,0:0:0:0:
248,184,73647,1,0,0:0:0:0:
232,264,73754,1,0,0:0:0:0:
112,80,74182,2,0,P|112:120|112:160,1,56
88,248,74825,2,0,P|128:272|152:288,1,56
192,328,75147,1,0,0:0:0:0:
288,256,75468,6,0,P|264:208|256:136,1,112
104,88,76111,1,0,0:0:0:0:
184,200,76325,1,0,0:0:0:0:
264,112,76754,2,0,B|328:128|328:128|368:160,1,112
224,192,77611,5,0,0:0:0:0:
288,240,77825,1,0,0:0:0:0:
104,264,78254,2,0,B|128:296|128:296|160:320,1,56
200,328,78575,1,0,0:0:0:0:
280,208,78897,2,0,P|256:168|240:96,1,112
360,72,79540,1,0,0:0:0:0:
224,72,79754,2,0,P|232:104|232:136,1,56
104,120,80182,5,0,0:0:0:0:
144,176,80325,1,0,0:0:0:0:
160,240,80468,1,0,0:0:0:0:
168,304,80611,2,0,P|208:344|264:352,1,112
352,312,81254,1,0,0:0:0:0:
256,128,81682,2,0,P|248:176|240:208,1,56
208,256,82004,1,0,0:0:0:0:
